D2BHa D2BHd D2BCJ D2AHa D2AHd D2ACJ D2temp D2Voltage D3BHa D3BHd D3BCJ D3AHa D3AHd D3ACJ D3temp D3Voltage 日期 时间 
188.8892 -2.8207 0 187.8364 -2.7619 0 24.9375 23.6223 181.8597 -8.9409 -6.1202 188.7146 -1.3614 1.4006 60.875 23.2222 10-Dec-2019 14:49:08
188.8922 -2.8176 0 187.8334 -2.765 0 24.9375 23.6223 181.8596 -8.941 -6.1233 188.7145 -1.3615 1.4035 60.875 23.2131 10-Dec-2019 14:49:14
188.8912 -2.8187 0 187.8324 -2.766 0 24.9375 23.6223 181.8579 -8.9427 -6.124 188.7128 -1.3632 1.4028 60.875 23.2131 10-Dec-2019 14:49:21
188.8909 -2.819 0 187.8321 -2.7663 0 24.9375 23.6223 181.8579 -8.9427 -6.1237 188.7128 -1.3631 1.4032 60.875 23.2131 10-Dec-2019 14:49:27
188.8909 -2.819 0 187.8321 -2.7663 0 25 23.6314 181.8615 -8.9391 -6.1201 188.7164 -1.3596 1.4068 60.875 23.2222 10-Dec-2019 14:49:33
188.8869 -2.823 0 187.8281 -2.7703 0 24.9375 23.6223 181.8553 -8.9453 -6.1223 188.7101 -1.3658 1.4045 60.875 23.2222 10-Dec-2019 14:49:39
188.887 -2.8229 0 187.8282 -2.7702 0 24.9375 23.6223 181.8486 -8.9519 -6.1291 188.7035 -1.3724 1.3978 60.875 23.2131 10-Dec-2019 14:49:45
188.8884 -2.8215 0 187.8296 -2.7688 0 25 23.6314 181.8494 -8.9512 -6.1297 188.7043 -1.3716 1.3972 60.875 23.2131 10-Dec-2019 14:49:51
188.8859 -2.824 0 187.8271 -2.7713 0 24.9375 23.6223 181.847 -8.9536 -6.1297 188.7018 -1.3741 1.3972 60.875 23.2222 10-Dec-2019 14:49:57
188.884 -2.8259 0 187.8252 -2.7732 0 24.9375 23.6223 181.8469 -8.9536 -6.1278 188.7018 -1.3741 1.3991 60.875 23.2131 10-Dec-2019 14:50:03
188.8854 -2.8244 0 187.8266 -2.7718 0 25 23.6314 181.8469 -8.9537 -6.1293 188.7017 -1.3742 1.3976 60.875 23.2222 10-Dec-2019 14:50:09
188.8872 -2.8227 0 187.8344 -2.764 0 24.9375 23.6314 181.8524 -8.9482 -6.1255 188.7072 -1.3687 1.3953 60.875 23.2222 10-Dec-2019 14:50:16
188.8831 -2.8268 0 187.8303 -2.7681 0 24.9375 23.6223 181.8435 -8.9571 -6.1302 188.6984 -1.3776 1.3905 60.875 23.2222 10-Dec-2019 14:50:22
188.8844 -2.8255 0 187.8316 -2.7667 0 25 23.6223 181.8435 -8.9571 -6.1316 188.6983 -1.3776 1.3891 60.875 23.2131 10-Dec-2019 14:50:28
188.884 -2.8259 0 187.8312 -2.7672 0 25 23.6314 181.8503 -8.9503 -6.1244 188.7052 -1.3707 1.3964 60.875 23.2222 10-Dec-2019 14:50:34
188.8871 -2.8228 0 187.8344 -2.764 0 25 23.6223 181.8489 -8.9516 -6.1289 188.7038 -1.3721 1.3919 60.875 23.2222 10-Dec-2019 14:50:40
188.8869 -2.823 0 187.8341 -2.7642 0 25 23.6223 181.845 -8.9556 -6.1326 188.6999 -1.376 1.3882 60.875 23.2131 10-Dec-2019 14:50:46
188.8839 -2.8259 0 187.8312 -2.7672 0 25 23.6223 181.8422 -8.9584 -6.1324 188.6971 -1.3788 1.3884 60.875 23.2222 10-Dec-2019 14:50:52
188.8812 -2.8287 0 187.8284 -2.77 0 25 23.6223 181.8403 -8.9603 -6.1315 188.6952 -1.3808 1.3892 60.875 23.2131 10-Dec-2019 14:50:58
188.8799 -2.83 0 187.8271 -2.7713 0 25 23.6041 181.8419 -8.9587 -6.1286 188.6968 -1.3792 1.3921 60.875 23.2222 10-Dec-2019 14:51:04
188.8823 -2.8276 0 187.8235 -2.7749 0 24.9375 23.6223 181.8438 -8.9568 -6.1292 188.6987 -1.3773 1.3976 60.875 23.2131 10-Dec-2019 14:51:11
188.8852 -2.8247 0 187.8324 -2.766 0 25 23.6223 181.8416 -8.959 -6.1342 188.6965 -1.3794 1.3865 60.875 23.2131 10-Dec-2019 14:51:17
188.8813 -2.8286 0 187.8285 -2.7698 0 25 23.6223 181.8398 -8.9608 -6.1322 188.7098 -1.3661 1.4037 60.9375 23.2222 10-Dec-2019 14:51:23
188.883 -2.8269 0 187.8302 -2.7682 0 25 23.6223 181.8393 -8.9612 -6.1343 188.7094 -1.3665 1.4016 60.9375 23.2222 10-Dec-2019 14:51:29
188.8785 -2.8314 0 187.8257 -2.7726 0 25 23.6223 181.8371 -8.9634 -6.1321 188.7072 -1.3687 1.4039 60.9375 23.2222 10-Dec-2019 14:51:35
188.875 -2.8349 0 187.8222 -2.7762 0 25 23.6223 181.8365 -8.9641 -6.1292 188.6914 -1.3846 1.3916 60.9375 23.2222 10-Dec-2019 14:51:41
188.8784 -2.8314 0 187.8257 -2.7727 0 25 23.6314 181.8329 -8.9676 -6.1362 188.703 -1.3729 1.3998 60.9375 23.2313 10-Dec-2019 14:51:47
188.8997 -2.8102 0 187.8469 -2.7515 0 25 23.6223 181.8433 -8.9573 -6.1471 188.7134 -1.3626 1.3889 60.9375 23.2222 10-Dec-2019 14:51:53
188.8759 -2.834 0 187.8232 -2.7752 0 25 23.6223 181.7611 -9.0394 -6.2055 188.6312 -1.4447 1.3305 60.875 23.2222 10-Dec-2019 14:51:59
188.8762 -2.8336 0 187.8235 -2.7749 0 25 23.6223 181.7939 -9.0067 -6.1731 188.6487 -1.4272 1.3477 60.875 23.2222 10-Dec-2019 14:52:05
188.8769 -2.833 0 187.8241 -2.7743 0 25 23.6314 181.8085 -8.9921 -6.1591 188.6634 -1.4126 1.3617 60.875 23.2222 10-Dec-2019 14:52:12
188.8761 -2.8338 0 187.8233 -2.7751 0 25 23.6223 181.8139 -8.9867 -6.1529 188.6687 -1.4072 1.3679 60.875 23.2313 10-Dec-2019 14:52:18
188.8734 -2.8365 0 187.8206 -2.7778 0 25 23.6314 181.8177 -8.9829 -6.1464 188.6877 -1.3882 1.3896 60.9375 23.2222 10-Dec-2019 14:52:24
188.8755 -2.8344 0 187.8228 -2.7756 0 25 23.6223 181.8303 -8.9702 -6.1359 188.6852 -1.3907 1.3849 60.875 23.2222 10-Dec-2019 14:52:30
188.8737 -2.8362 0 187.8209 -2.7775 0 25 23.6314 181.8302 -8.9704 -6.1342 188.6851 -1.3909 1.3866 60.9375 23.2222 10-Dec-2019 14:52:36
188.8756 -2.8343 0 187.8228 -2.7755 0 25 23.6223 181.8331 -8.9675 -6.1332 188.6879 -1.388 1.3875 60.9375 23.2131 10-Dec-2019 14:52:42
188.8735 -2.8364 0 187.8208 -2.7776 0 25 23.6223 181.83 -8.9706 -6.1343 188.6845 -1.3914 1.3862 60.9375 23.2222 10-Dec-2019 14:52:48
188.8739 -2.836 0 187.8211 -2.7773 0 25 23.6223 181.8322 -8.9684 -6.1324 188.687 -1.3889 1.3884 60.875 23.2222 10-Dec-2019 14:52:54
188.8703 -2.8396 0 187.8176 -2.7808 0 25 23.6223 181.8253 -8.9753 -6.1357 188.6954 -1.3806 1.4003 60.9375 23.2313 10-Dec-2019 14:53:00
188.8705 -2.8394 0 187.8177 -2.7806 0 25 23.6223 181.8306 -8.97 -6.1306 188.7006 -1.3753 1.4053 60.9375 23.2222 10-Dec-2019 14:53:07
188.8703 -2.8396 0 187.8175 -2.7809 0 25 23.6223 181.8358 -8.9648 -6.1252 188.7058 -1.3701 1.4108 60.9375 23.2222 10-Dec-2019 14:53:13
188.8722 -2.8376 0 187.8195 -2.7789 0 25 23.6223 181.8042 -8.9963 -6.1587 188.6743 -1.4016 1.3773 60.9375 23.2222 10-Dec-2019 14:53:19
188.8714 -2.8385 0 187.8186 -2.7797 0 25.0625 23.6223 181.8158 -8.9847 -6.1463 188.6859 -1.39 1.3897 60.9375 23.2222 10-Dec-2019 14:53:25
188.8734 -2.8365 0 187.8206 -2.7778 0 25 23.6223 181.8249 -8.9757 -6.1392 188.695 -1.381 1.3968 60.9375 23.2222 10-Dec-2019 14:53:31
188.873 -2.8369 0 187.8203 -2.7781 0 25 23.6223 181.8244 -8.9762 -6.1393 188.6793 -1.3967 1.3815 60.875 23.2222 10-Dec-2019 14:53:37
188.8708 -2.8391 0 187.818 -2.7804 0 25 23.6223 181.8266 -8.974 -6.1348 188.6967 -1.3793 1.4011 60.9375 23.2222 10-Dec-2019 14:53:43
188.871 -2.8389 0 187.8183 -2.7801 0 25 23.6223 181.8272 -8.9734 -6.1345 188.6973 -1.3787 1.4014 60.9375 23.2222 10-Dec-2019 14:53:49
188.8742 -2.8357 0 187.8214 -2.777 0 25.0625 23.6223 181.8305 -8.9701 -6.1344 188.7006 -1.3754 1.4016 60.9375 23.2222 10-Dec-2019 14:53:55
188.8702 -2.8397 0 187.8235 -2.7748 0 25 23.6223 181.8303 -8.9703 -6.1306 188.7004 -1.3756 1.3992 60.9375 23.2131 10-Dec-2019 14:54:01
188.8706 -2.8393 0 187.8176 -2.7808 0 25 23.6314 181.8244 -8.9762 -6.1368 188.6945 -1.3814 1.3994 60.9375 23.2131 10-Dec-2019 14:54:08
188.8702 -2.8397 0 187.8175 -2.7809 0 25 23.6223 181.8261 -8.9745 -6.1348 188.6962 -1.3798 1.4011 60.9375 23.2131 10-Dec-2019 14:54:14
188.8718 -2.8381 0 187.8191 -2.7793 0 25 23.6223 181.8268 -8.9738 -6.1357 188.6969 -1.3791 1.4002 60.9375 23.2131 10-Dec-2019 14:54:20
188.8697 -2.8402 0 187.823 -2.7754 0 25.0625 23.6223 181.8291 -8.9715 -6.1313 188.6991 -1.3768 1.3986 60.9375 23.2131 10-Dec-2019 14:54:26
188.8705 -2.8394 0 187.8178 -2.7806 0 25 23.6223 181.8265 -8.9741 -6.1348 188.6965 -1.3794 1.4012 60.9375 23.2222 10-Dec-2019 14:54:32
188.8707 -2.8392 0 187.818 -2.7804 0 25 23.6223 181.8266 -8.974 -6.1349 188.6966 -1.3793 1.4011 60.9375 23.2222 10-Dec-2019 14:54:38
188.8698 -2.84 0 187.8232 -2.7752 0 25.0625 23.6223 181.8207 -8.9799 -6.1398 188.6908 -1.3851 1.3901 60.9375 23.2222 10-Dec-2019 14:54:44
188.8699 -2.84 0 187.8171 -2.7812 0 25 23.6223 181.8188 -8.9818 -6.1418 188.6888 -1.3871 1.3941 60.9375 23.2131 10-Dec-2019 14:54:50
188.8675 -2.8423 0 187.8209 -2.7775 0 25.0625 23.6223 181.8849 -8.9156 -6.0733 188.755 -1.3209 1.4566 60.9375 23.2222 10-Dec-2019 14:54:56
188.8666 -2.8433 0 187.8138 -2.7845 0 25 23.6223 181.7936 -9.007 -6.1637 188.6636 -1.4123 1.3722 60.9375 23.2222 10-Dec-2019 14:55:02
188.8701 -2.8398 0 187.8173 -2.7811 0 25 23.6314 181.7981 -9.0025 -6.1627 188.653 -1.423 1.3581 60.875 23.2222 10-Dec-2019 14:55:09
188.8707 -2.8392 0 187.818 -2.7804 0 25 23.6223 181.7977 -9.0029 -6.1637 188.6374 -1.4386 1.3418 60.75 23.2222 10-Dec-2019 14:55:15
188.8703 -2.8396 0 187.8175 -2.7809 0 25 23.595 181.7814 -9.0191 -6.1795 188.5906 -1.4853 1.2956 60.6875 23.2222 10-Dec-2019 14:55:21
188.866 -2.8439 0 187.8193 -2.7791 0 25.0625 23.6223 181.7284 -9.0721 -6.2282 188.5224 -1.5535 1.2255 60.625 23.2222 10-Dec-2019 14:55:27
188.868 -2.8418 0 187.8214 -2.777 0 25.0625 23.6223 181.75 -9.0506 -6.2087 188.5287 -1.5472 1.2298 60.5625 23.2222 10-Dec-2019 14:55:33
188.8654 -2.8445 0 187.8187 -2.7797 0 25.0625 23.6223 181.7418 -9.0588 -6.2143 188.5052 -1.5707 1.2089 60.4375 23.2222 10-Dec-2019 14:55:39
188.8647 -2.8452 0 187.818 -2.7804 0 25.0625 23.6223 181.8595 -8.9411 -6.0959 188.5924 -1.4836 1.2968 60.375 23.2222 10-Dec-2019 14:55:45
188.8563 -2.8536 0 187.8096 -2.7888 0 25.0625 23.6314 181.9738 -8.8267 -5.9731 188.6915 -1.3845 1.4043 60.3125 23.2222 10-Dec-2019 14:55:51
188.8543 -2.8556 0 187.8076 -2.7907 0 25.0625 23.6223 181.9515 -8.8491 -5.9935 188.6538 -1.4221 1.3686 60.1875 23.2222 10-Dec-2019 14:55:57
188.8676 -2.8422 0 187.821 -2.7774 0 25.0625 23.6223 181.9541 -8.8465 -6.0042 188.6411 -1.4348 1.3426 60.1875 23.2222 10-Dec-2019 14:56:04
188.8588 -2.8511 0 187.8121 -2.7863 0 25.0625 23.6223 181.9065 -8.8941 -6.043 188.5628 -1.5131 1.2732 60.0625 23.2222 10-Dec-2019 14:56:10
188.8586 -2.8513 0 187.8119 -2.7865 0 25.0625 23.6223 181.9863 -8.8143 -5.9629 188.6427 -1.4333 1.3532 60.0625 23.2222 10-Dec-2019 14:56:16
188.8559 -2.854 0 187.8092 -2.7891 0 25.0625 23.6223 181.9287 -8.8719 -6.0179 188.5697 -1.5063 1.2829 60 23.2313 10-Dec-2019 14:56:22
188.8536 -2.8563 0 187.8069 -2.7915 0 25.0625 23.6314 181.929 -8.8716 -6.0153 188.5547 -1.5213 1.2702 59.9375 23.2313 10-Dec-2019 14:56:28
188.8502 -2.8597 0 187.8035 -2.7948 0 25.0625 23.6223 181.9242 -8.8764 -6.0167 188.5345 -1.5414 1.2534 59.875 23.2313 10-Dec-2019 14:56:34
188.8507 -2.8592 0 187.804 -2.7943 0 25.0625 23.6223 181.9282 -8.8724 -6.0132 188.5385 -1.5374 1.2569 59.875 23.2222 10-Dec-2019 14:56:40
188.8504 -2.8595 0 187.8038 -2.7946 0 25.0625 23.6223 181.9227 -8.8779 -6.0184 188.5176 -1.5583 1.2363 59.8125 23.2313 10-Dec-2019 14:56:46
188.8476 -2.8623 0 187.8009 -2.7975 0 25.0625 23.6223 181.9351 -8.8655 -6.0032 188.5146 -1.5613 1.2362 59.75 23.2313 10-Dec-2019 14:56:52
188.8457 -2.8642 0 187.7991 -2.7993 0 25.0625 23.6223 181.9422 -8.8583 -5.9942 188.5064 -1.5695 1.2298 59.6875 23.2313 10-Dec-2019 14:56:58
188.851 -2.8589 0 187.8043 -2.794 0 25.0625 23.6223 181.9534 -8.8472 -5.9883 188.5176 -1.5583 1.2357 59.6875 23.2313 10-Dec-2019 14:57:05
188.8508 -2.8591 0 187.8041 -2.7943 0 25.0625 23.595 181.9581 -8.8425 -5.9834 188.5069 -1.569 1.2253 59.625 23.2313 10-Dec-2019 14:57:11
188.8478 -2.8621 0 187.8011 -2.7973 0 25.0625 23.6314 181.973 -8.8276 -5.9654 188.5218 -1.5541 1.2432 59.625 23.2313 10-Dec-2019 14:57:17
188.8495 -2.8604 0 187.8089 -2.7895 0 25.0625 23.6223 181.9844 -8.8162 -5.9557 188.5178 -1.5581 1.2313 59.5625 23.2313 10-Dec-2019 14:57:23
188.848 -2.8619 0 187.8033 -2.795 0 25.0625 23.6223 181.9833 -8.8173 -5.9554 188.5013 -1.5746 1.2204 59.5 23.2313 10-Dec-2019 14:57:29
188.8499 -2.8599 0 187.8033 -2.7951 0 25.0625 23.6314 181.9855 -8.8151 -5.9551 188.4881 -1.5878 1.2073 59.4375 23.2222 10-Dec-2019 14:57:35
188.8465 -2.8634 0 187.7998 -2.7985 0 25.0625 23.6223 181.9669 -8.8337 -5.9703 188.4386 -1.6373 1.1612 59.3125 23.2313 10-Dec-2019 14:57:41
188.8476 -2.8623 0 187.8009 -2.7975 0 25.0625 23.6223 181.9673 -8.8333 -5.971 188.3927 -1.6833 1.1142 59.125 23.2313 10-Dec-2019 14:57:47
188.8478 -2.8621 0 187.8011 -2.7972 0 25.0625 23.6223 181.9714 -8.8292 -5.9671 188.3658 -1.7101 1.0871 59 23.2313 10-Dec-2019 14:57:53
188.8445 -2.8654 0 187.7978 -2.8006 0 25.0625 23.6223 181.9834 -8.8172 -5.9518 188.3469 -1.729 1.0715 58.875 23.2313 10-Dec-2019 14:57:59
188.8472 -2.8626 0 187.8006 -2.7978 0 25.0625 23.6223 182.0056 -8.795 -5.9323 188.3381 -1.7378 1.06 58.75 23.2313 10-Dec-2019 14:58:06
188.8436 -2.8662 0 187.797 -2.8014 0 25.0625 23.6223 182.031 -8.7696 -5.9034 188.3325 -1.7435 1.0579 58.625 23.2313 10-Dec-2019 14:58:12
188.8412 -2.8687 0 187.7945 -2.8038 0 25.0625 23.6223 182.0766 -8.724 -5.8553 188.3625 -1.7134 1.0904 58.5625 23.2313 10-Dec-2019 14:58:18
188.839 -2.8709 0 187.7984 -2.8 0 25.125 23.6132 182.0906 -8.71 -5.839 188.3611 -1.7149 1.0851 58.4375 23.2222 10-Dec-2019 14:58:24
188.8363 -2.8736 0 187.7957 -2.8027 0 25.125 23.6223 182.1085 -8.6921 -5.8185 188.3479 -1.7281 1.0746 58.375 23.2313 10-Dec-2019 14:58:30
188.8368 -2.873 0 187.7963 -2.8021 0 25.125 23.6223 182.1196 -8.681 -5.808 188.3434 -1.7326 1.0695 58.25 23.2313 10-Dec-2019 14:58:36
188.8386 -2.8713 0 187.798 -2.8003 0 25.125 23.6223 182.1433 -8.6572 -5.7859 188.3361 -1.7399 1.0605 58.1875 23.2313 10-Dec-2019 14:58:42
188.8375 -2.8724 0 187.7969 -2.8015 0 25.125 23.6223 182.16 -8.6405 -5.7681 188.3372 -1.7388 1.0627 58.125 23.2404 10-Dec-2019 14:58:48
188.837 -2.8729 0 187.7965 -2.8019 0 25.125 23.6223 182.1804 -8.6202 -5.7473 188.3264 -1.7495 1.0524 57.9375 23.2404 10-Dec-2019 14:58:54
188.8373 -2.8726 0 187.7968 -2.8016 0 25.125 23.6223 182.1849 -8.6156 -5.7431 188.2998 -1.7762 1.0254 57.875 23.2404 10-Dec-2019 14:59:01
188.8335 -2.8764 0 187.7929 -2.8055 0 25.125 23.6223 182.2068 -8.5938 -5.7174 188.306 -1.7699 1.0355 57.75 23.2404 10-Dec-2019 14:59:07
188.8324 -2.8775 0 187.7919 -2.8065 0 25.125 23.6223 182.2275 -8.5731 -5.6956 188.2956 -1.7804 1.0261 57.6875 23.2404 10-Dec-2019 14:59:13
188.8343 -2.8756 0 187.7937 -2.8047 0 25.125 23.6223 182.2467 -8.5539 -5.6783 188.2991 -1.7768 1.0278 57.5625 23.2404 10-Dec-2019 14:59:19
188.8364 -2.8735 0 187.7958 -2.8026 0 25.125 23.6223 182.2761 -8.5245 -5.651 188.3062 -1.7697 1.0328 57.5 23.2404 10-Dec-2019 14:59:25
188.8336 -2.8763 0 187.793 -2.8054 0 25.125 23.6223 182.2912 -8.5094 -5.6331 188.2968 -1.7792 1.0262 57.4375 23.2404 10-Dec-2019 14:59:31
188.833 -2.8768 0 187.7925 -2.8059 0 25.125 23.6223 182.3064 -8.4941 -5.6173 188.2807 -1.7952 1.0107 57.3125 23.2404 10-Dec-2019 14:59:37
188.8368 -2.8731 0 187.7962 -2.8022 0 25.125 23.6223 182.3295 -8.4711 -5.598 188.2881 -1.7878 1.0143 57.25 23.2404 10-Dec-2019 14:59:43
188.8364 -2.8735 0 187.7958 -2.8025 0 25.125 23.6314 182.3426 -8.458 -5.5845 188.2856 -1.7903 1.0122 57.1875 23.2404 10-Dec-2019 14:59:49
188.8327 -2.8772 0 187.7921 -2.8063 0 25.125 23.6314 182.3585 -8.442 -5.5648 188.2702 -1.8057 1.0005 57.0625 23.2404 10-Dec-2019 14:59:55
188.8318 -2.878 0 187.7913 -2.8071 0 25.125 23.6223 182.3703 -8.4302 -5.5522 188.2664 -1.8096 0.99753 57 23.2495 10-Dec-2019 15:00:02
188.8355 -2.8744 0 187.7949 -2.8035 0 25.125 23.6223 182.3894 -8.4112 -5.5368 188.2697 -1.8062 0.99727 56.9375 23.2495 10-Dec-2019 15:00:08
188.8341 -2.8758 0 187.7935 -2.8048 0 25.125 23.6314 182.397 -8.4036 -5.5278 188.2617 -1.8142 0.99062 56.875 23.2404 10-Dec-2019 15:00:14
188.8393 -2.8705 0 187.7988 -2.7996 0 25.125 23.6223 182.417 -8.3836 -5.513 188.2661 -1.8099 0.98972 56.8125 23.2404 10-Dec-2019 15:00:20
188.834 -2.8759 0 187.7935 -2.8049 0 25.125 23.6223 182.4287 -8.3719 -5.496 188.2621 -1.8139 0.99106 56.75 23.2495 10-Dec-2019 15:00:26
188.8351 -2.8748 0 187.7945 -2.8038 0 25.125 23.6223 182.4442 -8.3564 -5.4816 188.2462 -1.8298 0.97406 56.625 23.2495 10-Dec-2019 15:00:32
188.8335 -2.8764 0 187.793 -2.8054 0 25.125 23.6223 182.456 -8.3446 -5.4682 188.2423 -1.8336 0.9718 56.5625 23.2495 10-Dec-2019 15:00:38
188.8357 -2.8741 0 187.7952 -2.8032 0 25.125 23.6223 182.467 -8.3335 -5.4594 188.2377 -1.8383 0.9649 56.5 23.2586 10-Dec-2019 15:00:44
188.8365 -2.8733 0 187.7952 -2.8032 0 25.125 23.6223 182.4817 -8.3189 -5.4456 188.2366 -1.8394 0.96385 56.4375 23.2495 10-Dec-2019 15:00:50
188.8344 -2.8755 0 187.7938 -2.8046 0 25.125 23.6223 182.4948 -8.3058 -5.4303 188.234 -1.8419 0.96263 56.375 23.2495 10-Dec-2019 15:00:57
188.836 -2.8739 0 187.7954 -2.803 0 25.125 23.6223 182.5078 -8.2928 -5.4188 188.2313 -1.8446 0.95836 56.3125 23.2495 10-Dec-2019 15:01:03
188.8361 -2.8738 0 187.7955 -2.8028 0 25.125 23.6223 182.522 -8.2786 -5.4048 188.2298 -1.8461 0.9567 56.25 23.2495 10-Dec-2019 15:01:09
188.8328 -2.877 0 187.7923 -2.8061 0 25.125 23.6223 182.5312 -8.2693 -5.3923 188.2076 -1.8683 0.93776 56.125 23.2495 10-Dec-2019 15:01:15
188.836 -2.8738 0 187.7955 -2.8029 0 25.125 23.6223 182.5486 -8.252 -5.3782 188.2092 -1.8667 0.93617 56.0625 23.2586 10-Dec-2019 15:01:21
188.835 -2.8748 0 187.8006 -2.7977 0 25.1875 23.6223 182.5587 -8.2418 -5.367 188.2037 -1.8723 0.92548 56 23.2586 10-Dec-2019 15:01:27
188.8378 -2.8721 0 187.7972 -2.8012 0 25.125 23.6223 182.5705 -8.2301 -5.358 188.2154 -1.8605 0.94064 56 23.2586 10-Dec-2019 15:01:33
188.8352 -2.8747 0 187.7946 -2.8037 0 25.125 23.6223 182.583 -8.2176 -5.3429 188.2122 -1.8637 0.94003 55.9375 23.2586 10-Dec-2019 15:01:39
188.8412 -2.8687 0 187.8006 -2.7978 0 25.125 23.6314 182.5974 -8.2032 -5.3345 188.2109 -1.8651 0.93268 55.875 23.2677 10-Dec-2019 15:01:45
188.8374 -2.8725 0 187.7969 -2.8015 0 25.125 23.6132 182.6089 -8.1917 -5.3192 188.2066 -1.8693 0.93222 55.8125 23.2495 10-Dec-2019 15:01:51
188.8383 -2.8716 0 187.7977 -2.8007 0 25.125 23.6223 182.6209 -8.1797 -5.3081 188.2029 -1.873 0.92763 55.75 23.2586 10-Dec-2019 15:01:58
188.8359 -2.874 0 187.7954 -2.803 0 25.125 23.6223 182.629 -8.1716 -5.2976 188.1953 -1.8806 0.92236 55.6875 23.2586 10-Dec-2019 15:02:04
188.8407 -2.8692 0 187.8001 -2.7982 0 25.125 23.6223 182.6421 -8.1585 -5.2893 188.1927 -1.8833 0.91498 55.625 23.2586 10-Dec-2019 15:02:10
188.8378 -2.8721 0 187.7972 -2.8011 0 25.125 23.6132 182.6507 -8.1499 -5.2778 188.1855 -1.8904 0.91069 55.5625 23.2586 10-Dec-2019 15:02:16
188.8374 -2.8725 0 187.7969 -2.8015 0 25.125 23.6223 182.6624 -8.1382 -5.2657 188.1815 -1.8944 0.90707 55.5 23.2677 10-Dec-2019 15:02:22
188.8358 -2.8741 0 187.8014 -2.797 0 25.1875 23.6223 182.6737 -8.1269 -5.2529 188.177 -1.8989 0.89801 55.4375 23.2677 10-Dec-2019 15:02:28
188.8412 -2.8687 0 187.8068 -2.7916 0 25.1875 23.6223 182.6896 -8.111 -5.2423 188.1772 -1.8988 0.89278 55.375 23.2586 10-Dec-2019 15:02:34
188.8393 -2.8706 0 187.7988 -2.7996 0 25.125 23.6223 182.682 -8.1186 -5.248 188.1539 -1.9221 0.87755 55.25 23.2677 10-Dec-2019 15:02:40
188.8399 -2.87 0 187.7994 -2.799 0 25.125 23.6223 182.7024 -8.0982 -5.2282 188.1301 -1.9458 0.85318 55.0625 23.2677 10-Dec-2019 15:02:46
188.8437 -2.8662 0 187.8032 -2.7952 0 25.125 23.6223 182.7284 -8.0722 -5.206 188.1057 -1.9702 0.825 54.9375 23.2768 10-Dec-2019 15:02:52
188.8409 -2.869 0 187.8004 -2.798 0 25.1875 23.6223 182.7618 -8.0388 -5.1698 188.1076 -1.9684 0.82965 54.8125 23.2677 10-Dec-2019 15:02:59
188.841 -2.8689 0 187.8066 -2.7918 0 25.1875 23.6223 182.793 -8.0076 -5.1387 188.1073 -1.9687 0.82314 54.6875 23.2677 10-Dec-2019 15:03:05
188.8371 -2.8728 0 187.7966 -2.8018 0 25.1875 23.6223 182.8221 -7.9785 -5.1058 188.1048 -1.9711 0.83067 54.5625 23.2677 10-Dec-2019 15:03:11
188.8387 -2.8712 0 187.7981 -2.8002 0 25.125 23.6223 182.8549 -7.9457 -5.0745 188.1061 -1.9698 0.83038 54.4375 23.2768 10-Dec-2019 15:03:17
188.838 -2.8719 0 187.8036 -2.7948 0 25.125 23.6223 182.8777 -7.9229 -5.051 188.1132 -1.9628 0.83202 54.375 23.2677 10-Dec-2019 15:03:23
188.8413 -2.8686 0 187.8007 -2.7977 0 25.1875 23.6223 182.9035 -7.897 -5.0284 188.1075 -1.9685 0.82919 54.25 23.2677 10-Dec-2019 15:03:29
188.8381 -2.8717 0 187.7976 -2.8008 0 25.1875 23.6314 182.9255 -7.8751 -5.0033 188.1136 -1.9623 0.8385 54.1875 23.2677 10-Dec-2019 15:03:35
188.8367 -2.8732 0 187.7961 -2.8023 0 25.1875 23.6223 182.9495 -7.8511 -4.9779 188.1061 -1.9698 0.83241 54.0625 23.2768 10-Dec-2019 15:03:41
188.8418 -2.8681 0 187.8013 -2.7971 0 25.1875 23.6223 182.9729 -7.8277 -4.9596 188.1137 -1.9622 0.8349 54 23.2768 10-Dec-2019 15:03:47
188.8398 -2.8701 0 187.8054 -2.7929 0 25.1875 23.6223 182.9901 -7.8105 -4.9404 188.0994 -1.9765 0.81642 53.875 23.2768 10-Dec-2019 15:03:54
188.8402 -2.8697 0 187.8058 -2.7926 0 25.1875 23.6223 183.012 -7.7886 -4.9189 188.0897 -1.9862 0.80638 53.75 23.2768 10-Dec-2019 15:04:00
188.8394 -2.8705 0 187.805 -2.7933 0 25.1875 23.6223 183.0287 -7.7719 -4.9014 188.0907 -1.9852 0.80814 53.6875 23.2768 10-Dec-2019 15:04:06
188.8407 -2.8691 0 187.8064 -2.792 0 25.1875 23.6223 183.051 -7.7496 -4.8804 188.0815 -1.9944 0.79758 53.5625 23.2768 10-Dec-2019 15:04:12
188.842 -2.8679 0 187.8076 -2.7908 0 25.1875 23.6223 183.0703 -7.7303 -4.8624 188.085 -1.9909 0.79984 53.5 23.2768 10-Dec-2019 15:04:18
188.8433 -2.8666 0 187.8089 -2.7895 0 25.1875 23.6223 183.086 -7.7145 -4.8479 188.085 -1.991 0.79855 53.4375 23.2768 10-Dec-2019 15:04:24
188.8455 -2.8644 0 187.8111 -2.7873 0 25.1875 23.6223 183.1039 -7.6967 -4.8323 188.0713 -2.0047 0.78261 53.3125 23.2768 10-Dec-2019 15:04:30
188.8435 -2.8664 0 187.8091 -2.7893 0 25.1875 23.6223 183.1175 -7.6831 -4.8167 188.0691 -2.0068 0.78249 53.25 23.2858 10-Dec-2019 15:04:36
188.8459 -2.864 0 187.8115 -2.7869 0 25.1875 23.6223 183.1393 -7.6613 -4.7972 188.0752 -2.0007 0.78619 53.1875 23.2768 10-Dec-2019 15:04:42
188.845 -2.8649 0 187.8106 -2.7878 0 25.1875 23.6223 183.1518 -7.6488 -4.7839 188.0562 -2.0198 0.76805 53.0625 23.2858 10-Dec-2019 15:04:48
188.8426 -2.8673 0 187.8082 -2.7902 0 25.1875 23.6223 183.1665 -7.634 -4.7667 188.0552 -2.0208 0.76941 53 23.2858 10-Dec-2019 15:04:55
188.8437 -2.8662 0 187.8093 -2.789 0 25.1875 23.6223 183.1853 -7.6153 -4.7491 188.0582 -2.0177 0.7713 52.9375 23.2858 10-Dec-2019 15:05:01
188.8475 -2.8624 0 187.8131 -2.7853 0 25.1875 23.6223 183.2025 -7.5981 -4.7357 188.0439 -2.0321 0.7532 52.8125 23.2858 10-Dec-2019 15:05:07
188.8488 -2.8611 0 187.8144 -2.784 0 25.1875 23.6314 183.2196 -7.581 -4.7199 188.0452 -2.0307 0.7532 52.6875 23.2858 10-Dec-2019 15:05:13
188.8453 -2.8646 0 187.8109 -2.7875 0 25.1875 23.6223 183.2313 -7.5693 -4.7047 188.0411 -2.0348 0.75269 52.625 23.2858 10-Dec-2019 15:05:19
188.8484 -2.8615 0 187.814 -2.7844 0 25.1875 23.6223 183.2478 -7.5528 -4.6912 188.0419 -2.034 0.7504 52.5625 23.2858 10-Dec-2019 15:05:25
188.8479 -2.862 0 187.8135 -2.7849 0 25.1875 23.6223 183.2606 -7.54 -4.6779 188.039 -2.0369 0.74796 52.5 23.2858 10-Dec-2019 15:05:31
188.8487 -2.8612 0 187.8143 -2.7841 0 25.1875 23.6223 183.2808 -7.5198 -4.6586 188.0277 -2.0483 0.73581 52.4375 23.2858 10-Dec-2019 15:05:37
188.8444 -2.8655 0 187.81 -2.7883 0 25.1875 23.6223 183.2925 -7.5081 -4.6427 188.0236 -2.0523 0.73602 52.375 23.2858 10-Dec-2019 15:05:43
188.8443 -2.8656 0 187.8099 -2.7885 0 25.1875 23.6223 183.2964 -7.5042 -4.6386 188.0118 -2.0641 0.72433 52.25 23.2858 10-Dec-2019 15:05:49
188.8464 -2.8635 0 187.812 -2.7864 0 25.1875 23.6223 183.3132 -7.4874 -4.6239 188.0129 -2.0631 0.72331 52.1875 23.2858 10-Dec-2019 15:05:56
188.8507 -2.8592 0 187.8163 -2.7821 0 25.1875 23.6223 183.3286 -7.472 -4.6128 188.0125 -2.0634 0.71869 52.125 23.2858 10-Dec-2019 15:06:02
188.8491 -2.8608 0 187.8147 -2.7836 0 25.1875 23.6314 183.3487 -7.4519 -4.5912 187.9937 -2.0822 0.7014 52.0625 23.2768 10-Dec-2019 15:06:08
188.8481 -2.8618 0 187.8137 -2.7847 0 25.1875 23.6223 183.3636 -7.437 -4.5752 188.0004 -2.0755 0.70911 52 23.2858 10-Dec-2019 15:06:14
188.8496 -2.8603 0 187.8152 -2.7832 0 25.1875 23.6223 183.3777 -7.4229 -4.5626 187.9988 -2.0772 0.70601 51.9375 23.2858 10-Dec-2019 15:06:20
188.8509 -2.859 0 187.8165 -2.7818 0 25.1875 23.6223 183.3894 -7.4112 -4.5522 187.979 -2.0969 0.68491 51.8125 23.2949 10-Dec-2019 15:06:26
188.8493 -2.8606 0 187.8149 -2.7835 0 25.1875 23.6223 183.4004 -7.4002 -4.5396 187.9743 -2.1016 0.68187 51.75 23.2949 10-Dec-2019 15:06:32
188.8485 -2.8614 0 187.8141 -2.7843 0 25.1875 23.6223 183.416 -7.3845 -4.5231 187.9585 -2.1174 0.66687 51.625 23.2949 10-Dec-2019 15:06:38
188.849 -2.8608 0 187.8147 -2.7837 0 25.1875 23.6223 183.4371 -7.3635 -4.5026 187.9482 -2.1277 0.65598 51.5 23.2949 10-Dec-2019 15:06:44
188.8524 -2.8575 0 187.818 -2.7804 0 25.1875 23.6223 183.4611 -7.3395 -4.482 187.9565 -2.1194 0.66096 51.4375 23.2949 10-Dec-2019 15:06:51
188.8528 -2.8571 0 187.8184 -2.78 0 25.1875 23.6223 183.4849 -7.3156 -4.4585 187.949 -2.127 0.65303 51.3125 23.304 10-Dec-2019 15:06:57
188.8503 -2.8596 0 187.8159 -2.7825 0 25.1875 23.6223 183.5066 -7.294 -4.4344 187.9393 -2.1367 0.6458 51.1875 23.2949 10-Dec-2019 15:07:03
188.854 -2.8559 0 187.8196 -2.7787 0 25.1875 23.6314 183.5317 -7.2689 -4.413 187.9487 -2.1273 0.65149 51.125 23.2949 10-Dec-2019 15:07:09
188.8519 -2.858 0 187.8175 -2.7809 0 25.1875 23.6223 183.5529 -7.2476 -4.3897 187.9386 -2.1373 0.64354 51 23.2949 10-Dec-2019 15:07:15
188.8519 -2.858 0 187.8175 -2.7809 0 25.1875 23.6223 183.5734 -7.2272 -4.3692 187.9434 -2.1325 0.64839 50.9375 23.304 10-Dec-2019 15:07:21
188.8546 -2.8553 0 187.8183 -2.7801 0 25.1875 23.6223 183.5934 -7.2072 -4.352 187.9477 -2.1282 0.65189 50.875 23.2949 10-Dec-2019 15:07:27
188.8531 -2.8568 0 187.8187 -2.7796 0 25.1875 23.6223 183.6092 -7.1914 -4.3347 187.9322 -2.1437 0.63594 50.75 23.304 10-Dec-2019 15:07:33
188.8591 -2.8508 0 187.8247 -2.7737 0 25.1875 23.6223 183.6298 -7.1708 -4.32 187.9372 -2.1387 0.63496 50.6875 23.304 10-Dec-2019 15:07:39
188.8566 -2.8533 0 187.8222 -2.7762 0 25.1875 23.6223 183.6464 -7.1542 -4.3009 187.9225 -2.1534 0.62279 50.5625 23.304 10-Dec-2019 15:07:46
188.855 -2.8548 0 187.8206 -2.7777 0 25.1875 23.6223 183.6647 -7.1359 -4.2811 187.9252 -2.1507 0.62701 50.5 23.304 10-Dec-2019 15:07:52
188.8555 -2.8544 0 187.8211 -2.7773 0 25.1875 23.6223 183.6806 -7.12 -4.2656 187.9255 -2.1505 0.62682 50.4375 23.304 10-Dec-2019 15:07:58
188.8565 -2.8534 0 187.8221 -2.7763 0 25.1875 23.6223 183.7023 -7.0983 -4.2449 187.916 -2.16 0.61629 50.3125 23.304 10-Dec-2019 15:08:04
188.8586 -2.8513 0 187.8304 -2.768 0 25.25 23.6223 183.7196 -7.081 -4.2297 187.9177 -2.1583 0.60974 50.25 23.304 10-Dec-2019 15:08:10
188.8613 -2.8486 0 187.8269 -2.7715 0 25.1875 23.6223 183.7337 -7.0669 -4.2183 187.9162 -2.1598 0.61174 50.125 23.304 10-Dec-2019 15:08:16
188.8573 -2.8525 0 187.823 -2.7754 0 25.1875 23.6041 183.7495 -7.0511 -4.1985 187.9008 -2.1751 0.60031 50.0625 23.304 10-Dec-2019 15:08:22
188.8584 -2.8515 0 187.824 -2.7743 0 25.1875 23.6223 183.7654 -7.0352 -4.1838 187.9011 -2.1749 0.59947 50 23.304 10-Dec-2019 15:08:28
188.859 -2.8509 0 187.8246 -2.7738 0 25.1875 23.6223 183.7804 -7.0202 -4.1693 187.9005 -2.1754 0.59839 49.9375 23.304 10-Dec-2019 15:08:34
188.8586 -2.8513 0 187.8242 -2.7742 0 25.1875 23.6223 183.7956 -7.0049 -4.1536 187.9002 -2.1757 0.5985 49.8125 23.304 10-Dec-2019 15:08:40
188.8619 -2.848 0 187.8275 -2.7709 0 25.1875 23.6223 183.8146 -6.986 -4.138 187.9036 -2.1723 0.59853 49.8125 23.304 10-Dec-2019 15:08:47
188.861 -2.8489 0 187.8266 -2.7718 0 25.1875 23.6223 183.8258 -6.9748 -4.1259 187.8992 -2.1767 0.59505 49.6875 23.3131 10-Dec-2019 15:08:53
188.8627 -2.8472 0 187.8283 -2.7701 0 25.1875 23.6223 183.8432 -6.9574 -4.1102 187.8856 -2.1904 0.5797 49.625 23.3131 10-Dec-2019 15:08:59
188.8637 -2.8462 0 187.8293 -2.7691 0 25.1875 23.6223 183.8566 -6.9439 -4.0977 187.8835 -2.1925 0.57661 49.5625 23.3131 10-Dec-2019 15:09:05
188.8599 -2.85 0 187.8255 -2.7729 0 25.1875 23.6223 183.8702 -6.9304 -4.0804 187.8815 -2.1945 0.5784 49.4375 23.3131 10-Dec-2019 15:09:11
188.8627 -2.8472 0 187.8283 -2.7701 0 25.1875 23.6223 183.8884 -6.9121 -4.065 187.8842 -2.1917 0.57832 49.375 23.3131 10-Dec-2019 15:09:17
188.8626 -2.8473 0 187.8282 -2.7702 0 25.1875 23.6223 183.9116 -6.889 -4.0417 187.8685 -2.2074 0.56271 49.3125 23.3131 10-Dec-2019 15:09:23
188.8641 -2.8458 0 187.8297 -2.7687 0 25.1875 23.6223 183.9268 -6.8738 -4.028 187.876 -2.1999 0.56873 49.25 23.3131 10-Dec-2019 15:09:29
188.8644 -2.8455 0 187.83 -2.7684 0 25.1875 23.6314 183.937 -6.8635 -4.018 187.8553 -2.2207 0.54773 49.125 23.3222 10-Dec-2019 15:09:35
188.8625 -2.8474 0 187.8281 -2.7703 0 25.1875 23.6223 183.9506 -6.85 -4.0026 187.8534 -2.2226 0.54771 49.0625 23.3131 10-Dec-2019 15:09:41
188.8623 -2.8476 0 187.834 -2.7643 0 25.1875 23.6223 183.9658 -6.8347 -3.9871 187.8531 -2.2228 0.54149 49 23.3131 10-Dec-2019 15:09:48
188.8613 -2.8486 0 187.8269 -2.7714 0 25.25 23.6223 183.9843 -6.8162 -3.9677 187.8562 -2.2198 0.55165 48.9375 23.3222 10-Dec-2019 15:09:54
188.8623 -2.8476 0 187.8279 -2.7705 0 25.25 23.6223 183.9976 -6.803 -3.9554 187.8539 -2.222 0.54845 48.875 23.3131 10-Dec-2019 15:10:00
188.8609 -2.849 0 187.8327 -2.7657 0 25.25 23.6223 184.0068 -6.7938 -3.9447 187.8477 -2.2282 0.53748 48.8125 23.3222 10-Dec-2019 15:10:06
188.8641 -2.8458 0 187.8297 -2.7687 0 25.1875 23.6223 184.0238 -6.7768 -3.931 187.8492 -2.2267 0.54192 48.75 23.3222 10-Dec-2019 15:10:12
188.8617 -2.8482 0 187.8335 -2.7649 0 25.25 23.6223 184.039 -6.7616 -3.9134 187.8336 -2.2424 0.52255 48.625 23.3222 10-Dec-2019 15:10:18
188.8635 -2.8463 0 187.8353 -2.763 0 25.25 23.6132 184.0529 -6.7477 -3.9013 187.8475 -2.2285 0.53458 48.625 23.3131 10-Dec-2019 15:10:24
188.8631 -2.8467 0 187.8349 -2.7634 0 25.25 23.6223 184.0663 -6.7343 -3.8876 187.83 -2.2459 0.5175 48.5 23.3222 10-Dec-2019 15:10:30
188.8656 -2.8443 0 187.8312 -2.7672 0 25.25 23.6223 184.0846 -6.7159 -3.8716 187.833 -2.243 0.5242 48.4375 23.3131 10-Dec-2019 15:10:36
188.8682 -2.8417 0 187.84 -2.7584 0 25.1875 23.6223 184.0955 -6.7051 -3.8634 187.8284 -2.2475 0.51091 48.375 23.3222 10-Dec-2019 15:10:43
188.865 -2.8449 0 187.8306 -2.7677 0 25.1875 23.6223 184.1058 -6.6948 -3.8499 187.8233 -2.2526 0.51514 48.3125 23.3222 10-Dec-2019 15:10:49
188.866 -2.8439 0 187.8316 -2.7667 0 25.1875 23.6223 184.1217 -6.6789 -3.835 187.8239 -2.2521 0.51466 48.25 23.3222 10-Dec-2019 15:10:55
188.8677 -2.8422 0 187.8395 -2.7589 0 25.25 23.6223 184.136 -6.6646 -3.8224 187.8227 -2.2532 0.50568 48.1875 23.3222 10-Dec-2019 15:11:01
188.8678 -2.842 0 187.8396 -2.7587 0 25.25 23.6223 184.1465 -6.654 -3.812 187.8179 -2.258 0.50075 48.125 23.3222 10-Dec-2019 15:11:07
188.8674 -2.8425 0 187.8392 -2.7592 0 25.25 23.6223 184.1597 -6.6409 -3.7984 187.8157 -2.2602 0.49898 48.0625 23.3222 10-Dec-2019 15:11:13
188.8679 -2.842 0 187.8335 -2.7649 0 25.1875 23.6223 184.1693 -6.6313 -3.7893 187.81 -2.2659 0.49896 48 23.3131 10-Dec-2019 15:11:19
188.8692 -2.8407 0 187.8348 -2.7636 0 25.1875 23.6223 184.1809 -6.6197 -3.779 187.8063 -2.2697 0.49391 47.9375 23.3222 10-Dec-2019 15:11:25
188.8727 -2.8372 0 187.8383 -2.7601 0 25.1875 23.6223 184.1971 -6.6035 -3.7663 187.8071 -2.2688 0.49126 47.875 23.3222 10-Dec-2019 15:11:31
188.8711 -2.8387 0 187.8367 -2.7616 0 25.1875 23.6223 184.2127 -6.5878 -3.7491 187.8074 -2.2685 0.49313 47.8125 23.3222 10-Dec-2019 15:11:37
188.8701 -2.8398 0 187.8419 -2.7565 0 25.25 23.6223 184.2249 -6.5756 -3.7358 187.8043 -2.2716 0.48489 47.75 23.3222 10-Dec-2019 15:11:44
188.8723 -2.8376 0 187.8441 -2.7543 0 25.25 23.6223 184.2374 -6.5631 -3.7256 187.8015 -2.2744 0.47984 47.6875 23.3222 10-Dec-2019 15:11:50
188.8756 -2.8342 0 187.8474 -2.7509 0 25.25 23.6223 184.2541 -6.5465 -3.7122 187.8029 -2.2731 0.47787 47.625 23.3313 10-Dec-2019 15:11:56
188.8773 -2.8326 0 187.8491 -2.7493 0 25.25 23.6223 184.2638 -6.5368 -3.7041 187.8126 -2.2633 0.48598 47.5625 23.3313 10-Dec-2019 15:12:02
188.8725 -2.8374 0 187.8381 -2.7603 0 25.1875 23.6223 184.2725 -6.5281 -3.6907 187.7907 -2.2852 0.47507 47.5 23.3313 10-Dec-2019 15:12:08
188.8742 -2.8356 0 187.8398 -2.7585 0 25.1875 23.6223 184.291 -6.5096 -3.674 187.7939 -2.282 0.47653 47.4375 23.3313 10-Dec-2019 15:12:14
188.8757 -2.8342 0 187.8413 -2.7571 0 25.1875 23.6223 184.301 -6.4996 -3.6654 187.7887 -2.2872 0.46983 47.375 23.3313 10-Dec-2019 15:12:20
188.8863 -2.8236 0 187.8581 -2.7403 0 25.25 23.6314 184.3597 -6.4409 -3.6173 187.8474 -2.2285 0.51176 47.3125 23.3313 10-Dec-2019 15:12:26
188.8802 -2.8297 0 187.852 -2.7464 0 25.25 23.6223 184.3434 -6.4572 -3.6275 187.8159 -2.2601 0.48634 47.25 23.3313 10-Dec-2019 15:12:32
188.8735 -2.8364 0 187.8452 -2.7531 0 25.25 23.6223 184.3493 -6.4513 -3.6149 187.8065 -2.2694 0.4837 47.1875 23.3313 10-Dec-2019 15:12:39
188.8784 -2.8315 0 187.844 -2.7544 0 25.1875 23.6223 184.3606 -6.44 -3.6085 187.7874 -2.2885 0.46585 47.125 23.3313 10-Dec-2019 15:12:45
188.8769 -2.8329 0 187.8487 -2.7496 0 25.25 23.6223 184.3696 -6.431 -3.5981 187.7812 -2.2948 0.45485 47.0625 23.3404 10-Dec-2019 15:12:51
188.8791 -2.8308 0 187.8509 -2.7475 0 25.25 23.6223 184.3847 -6.4159 -3.5851 187.7811 -2.2949 0.45265 47 23.3313 10-Dec-2019 15:12:57
188.8756 -2.8343 0 187.8474 -2.751 0 25.25 23.6223 184.3924 -6.4082 -3.5738 187.7736 -2.3023 0.44868 46.9375 23.3313 10-Dec-2019 15:13:03
188.8796 -2.8303 0 187.8514 -2.7469 0 25.25 23.6223 184.4042 -6.3963 -3.5661 187.7702 -2.3057 0.44125 46.875 23.3313 10-Dec-2019 15:13:09
188.8806 -2.8293 0 187.8524 -2.7459 0 25.25 23.6223 184.4187 -6.3819 -3.5527 187.7695 -2.3064 0.43951 46.8125 23.3313 10-Dec-2019 15:13:15
188.8795 -2.8304 0 187.8451 -2.7533 0 25.25 23.6223 184.4332 -6.3674 -3.537 187.7688 -2.3071 0.44618 46.75 23.3313 10-Dec-2019 15:13:21
188.879 -2.8309 0 187.8508 -2.7476 0 25.25 23.6223 184.44 -6.3606 -3.5297 187.7606 -2.3154 0.43217 46.6875 23.3313 10-Dec-2019 15:13:27
188.8841 -2.8258 0 187.8559 -2.7425 0 25.25 23.6223 184.456 -6.3446 -3.5188 187.7765 -2.2994 0.44308 46.6875 23.3313 10-Dec-2019 15:13:33
188.8838 -2.8261 0 187.8556 -2.7428 0 25.25 23.6223 184.4707 -6.3299 -3.5038 187.7761 -2.2998 0.44295 46.625 23.3313 10-Dec-2019 15:13:40
188.8823 -2.8276 0 187.8541 -2.7443 0 25.25 23.6223 184.4796 -6.321 -3.4934 187.7547 -2.3212 0.4231 46.5 23.3404 10-Dec-2019 15:13:46
188.8845 -2.8254 0 187.8563 -2.7421 0 25.25 23.6223 184.4885 -6.3121 -3.4866 187.7637 -2.3122 0.42987 46.5 23.3404 10-Dec-2019 15:13:52
188.8842 -2.8257 0 187.856 -2.7424 0 25.25 23.6223 184.4978 -6.3028 -3.4771 187.7579 -2.3181 0.4243 46.4375 23.3404 10-Dec-2019 15:13:58
188.8855 -2.8244 0 187.856 -2.7423 0 25.25 23.6223 184.5128 -6.2878 -3.4635 187.7577 -2.3182 0.42412 46.375 23.3404 10-Dec-2019 15:14:04
188.8858 -2.8241 0 187.8576 -2.7408 0 25.25 23.6223 184.5272 -6.2733 -3.4492 187.7571 -2.3188 0.422 46.3125 23.3404 10-Dec-2019 15:14:10
188.8866 -2.8233 0 187.8584 -2.74 0 25.25 23.6223 184.5315 -6.2691 -3.4458 187.7463 -2.3296 0.41039 46.25 23.3404 10-Dec-2019 15:14:16
188.8875 -2.8224 0 187.8593 -2.7391 0 25.25 23.6223 184.5443 -6.2562 -3.4338 187.7592 -2.3168 0.42236 46.25 23.3404 10-Dec-2019 15:14:22
188.8899 -2.82 0 187.8617 -2.7367 0 25.25 23.6223 184.5561 -6.2445 -3.4245 187.7559 -2.3201 0.41658 46.1875 23.3404 10-Dec-2019 15:14:28
188.8878 -2.822 0 187.8596 -2.7387 0 25.25 23.6223 184.5668 -6.2338 -3.4118 187.7365 -2.3395 0.39926 46.0625 23.3404 10-Dec-2019 15:14:35
188.8896 -2.8203 0 187.8614 -2.737 0 25.25 23.6314 184.5748 -6.2258 -3.4055 187.7445 -2.3314 0.40555 46.0625 23.3495 10-Dec-2019 15:14:41
188.8891 -2.8208 0 187.8609 -2.7374 0 25.25 23.6223 184.6109 -6.1897 -3.3689 187.7656 -2.3104 0.42708 46 23.3495 10-Dec-2019 15:14:47
188.8885 -2.8214 0 187.8603 -2.7381 0 25.25 23.6223 184.6279 -6.1727 -3.3513 187.7826 -2.2934 0.44473 45.9375 23.3495 10-Dec-2019 15:14:53
188.8853 -2.8246 0 187.8571 -2.7413 0 25.25 23.6223 184.6317 -6.1688 -3.3442 187.7564 -2.3195 0.4218 45.875 23.3495 10-Dec-2019 15:14:59
188.8887 -2.8212 0 187.8605 -2.7379 0 25.25 23.6223 184.6393 -6.1613 -3.3401 187.7489 -2.327 0.4109 45.75 23.3404 10-Dec-2019 15:15:05
188.8892 -2.8207 0 187.861 -2.7374 0 25.25 23.6223 184.6526 -6.148 -3.3273 187.7473 -2.3287 0.40872 45.6875 23.3404 10-Dec-2019 15:15:11
188.8888 -2.8211 0 187.8606 -2.7378 0 25.25 23.6223 184.6646 -6.136 -3.3149 187.7443 -2.3316 0.40616 45.625 23.3404 10-Dec-2019 15:15:17
188.8903 -2.8196 0 187.8621 -2.7363 0 25.25 23.6223 184.6795 -6.1211 -3.3015 187.7293 -2.3466 0.38965 45.5625 23.3495 10-Dec-2019 15:15:23
188.8883 -2.8216 0 187.8601 -2.7383 0 25.25 23.6223 184.6903 -6.1102 -3.2886 187.7402 -2.3357 0.40256 45.5 23.3495 10-Dec-2019 15:15:29
188.8868 -2.8231 0 187.8524 -2.7459 0 25.1875 23.6223 184.7053 -6.0953 -3.2722 187.7253 -2.3506 0.39531 45.4375 23.3495 10-Dec-2019 15:15:36
188.891 -2.8188 0 187.8628 -2.7355 0 25.25 23.6223 184.7166 -6.084 -3.2652 187.7217 -2.3542 0.38129 45.375 23.3495 10-Dec-2019 15:15:42
188.8901 -2.8198 0 187.8619 -2.7365 0 25.25 23.6223 184.7265 -6.0741 -3.2543 187.7167 -2.3593 0.3772 45.3125 23.3404 10-Dec-2019 15:15:48
188.8895 -2.8204 0 187.8613 -2.7371 0 25.25 23.6223 184.739 -6.0616 -3.2412 187.7143 -2.3616 0.3755 45.25 23.3495 10-Dec-2019 15:15:54
188.8907 -2.8192 0 187.8625 -2.7358 0 25.25 23.6223 184.7566 -6.044 -3.2248 187.7144 -2.3615 0.37433 45.1875 23.3586 10-Dec-2019 15:16:00
188.887 -2.8229 0 187.8588 -2.7396 0 25.25 23.6223 184.7728 -6.0277 -3.2048 187.7185 -2.3575 0.38211 45.125 23.3495 10-Dec-2019 15:16:06
188.8872 -2.8226 0 187.859 -2.7393 0 25.25 23.6223 184.785 -6.0156 -3.193 187.7157 -2.3602 0.37914 45.0625 23.3495 10-Dec-2019 15:16:12
188.8899 -2.82 0 187.8617 -2.7366 0 25.25 23.6223 184.7975 -6.0031 -3.1832 187.7134 -2.3625 0.37413 45 23.3495 10-Dec-2019 15:16:18
188.8898 -2.8201 0 187.8616 -2.7368 0 25.25 23.6223 184.807 -5.9936 -3.1735 187.7081 -2.3678 0.36902 44.9375 23.3495 10-Dec-2019 15:16:24
188.8912 -2.8187 0 187.863 -2.7354 0 25.25 23.6223 184.8174 -5.9832 -3.1645 187.7038 -2.3722 0.36319 44.875 23.3495 10-Dec-2019 15:16:30
188.8928 -2.8171 0 187.8646 -2.7338 0 25.25 23.6223 184.8313 -5.9693 -3.1522 187.7029 -2.373 0.36073 44.8125 23.3586 10-Dec-2019 15:16:37
188.8881 -2.8218 0 187.8599 -2.7385 0 25.25 23.6223 184.8417 -5.9589 -3.1371 187.6985 -2.3775 0.36105 44.75 23.3586 10-Dec-2019 15:16:43
188.8925 -2.8174 0 187.8643 -2.7341 0 25.25 23.6223 184.8542 -5.9464 -3.129 187.6963 -2.3797 0.35439 44.6875 23.3495 10-Dec-2019 15:16:49
188.8923 -2.8176 0 187.8641 -2.7343 0 25.25 23.6223 184.8705 -5.9301 -3.1125 187.6978 -2.3782 0.35606 44.625 23.3586 10-Dec-2019 15:16:55
188.8901 -2.8198 0 187.8619 -2.7365 0 25.25 23.6223 184.8777 -5.9229 -3.1031 187.6902 -2.3857 0.35078 44.5625 23.3495 10-Dec-2019 15:17:01
188.8917 -2.8182 0 187.8635 -2.7348 0 25.25 23.6132 184.8895 -5.911 -3.0929 187.7021 -2.3738 0.36101 44.5625 23.3586 10-Dec-2019 15:17:07
188.8935 -2.8164 0 187.8653 -2.733 0 25.25 23.6223 184.9012 -5.8994 -3.083 187.6843 -2.3916 0.34145 44.4375 23.3586 10-Dec-2019 15:17:13
188.8954 -2.8145 0 187.8672 -2.7312 0 25.25 23.6223 184.9144 -5.8862 -3.0716 187.6976 -2.3784 0.35284 44.4375 23.3495 10-Dec-2019 15:17:19
188.8911 -2.8187 0 187.8629 -2.7354 0 25.25 23.6223 184.9221 -5.8785 -3.0598 187.6905 -2.3854 0.35002 44.375 23.3495 10-Dec-2019 15:17:25
188.896 -2.8138 0 187.8678 -2.7305 0 25.25 23.6223 184.9411 -5.8594 -3.0456 187.6803 -2.3957 0.33484 44.25 23.3586 10-Dec-2019 15:17:32
188.8977 -2.8122 0 187.8695 -2.7289 0 25.25 23.6223 184.9455 -5.855 -3.0428 187.6846 -2.3913 0.3376 44.25 23.3586 10-Dec-2019 15:17:38
188.8943 -2.8156 0 187.8661 -2.7323 0 25.25 23.6223 184.9568 -5.8438 -3.0281 187.6813 -2.3947 0.33766 44.1875 23.3586 10-Dec-2019 15:17:44
188.8994 -2.8105 0 187.8712 -2.7272 0 25.25 23.6041 184.969 -5.8316 -3.0211 187.6788 -2.3971 0.33003 44.125 23.3586 10-Dec-2019 15:17:50
188.8965 -2.8134 0 187.8683 -2.7301 0 25.25 23.6223 184.9792 -5.8214 -3.008 187.6744 -2.4016 0.32851 44.0625 23.3677 10-Dec-2019 15:17:56
188.8978 -2.8121 0 187.8696 -2.7288 0 25.25 23.6223 184.9897 -5.8109 -2.9988 187.6703 -2.4056 0.32314 44 23.3677 10-Dec-2019 15:18:02
188.8943 -2.8156 0 187.8661 -2.7323 0 25.25 23.6223 185.0036 -5.797 -2.9814 187.6842 -2.3917 0.34058 44 23.3768 10-Dec-2019 15:18:08
188.8954 -2.8144 0 187.8672 -2.7311 0 25.25 23.6223 185.015 -5.7856 -2.9711 187.681 -2.3949 0.33621 43.875 23.3677 10-Dec-2019 15:18:14
188.896 -2.8139 0 187.8678 -2.7305 0 25.25 23.6223 185.0224 -5.7782 -2.9644 187.6738 -2.4021 0.3284 43.875 23.3586 10-Dec-2019 15:18:20
188.8959 -2.814 0 187.8677 -2.7307 0 25.25 23.6223 185.034 -5.7666 -2.9525 187.6709 -2.405 0.32567 43.8125 23.3677 10-Dec-2019 15:18:26
188.896 -2.8138 0 187.8678 -2.7305 0 25.25 23.6314 185.0437 -5.7569 -2.943 187.6661 -2.4099 0.32065 43.75 23.3677 10-Dec-2019 15:18:33
188.8994 -2.8105 0 187.8712 -2.7272 0 25.25 23.6223 185.0571 -5.7435 -2.933 187.6649 -2.4111 0.3161 43.6875 23.3677 10-Dec-2019 15:18:39
188.8988 -2.8111 0 187.8706 -2.7278 0 25.25 23.6223 185.0686 -5.7319 -2.9208 187.6765 -2.3995 0.32832 43.625 23.3677 10-Dec-2019 15:18:45
188.8994 -2.8104 0 187.8712 -2.7271 0 25.25 23.6223 185.0761 -5.7245 -2.914 187.6694 -2.4065 0.3206 43.5625 23.3768 10-Dec-2019 15:18:51
188.9008 -2.8091 0 187.8726 -2.7257 0 25.25 23.6223 185.0869 -5.7137 -2.9047 187.6656 -2.4103 0.31543 43.5625 23.3677 10-Dec-2019 15:18:57
188.9018 -2.808 0 187.8736 -2.7247 0 25.25 23.6223 185.094 -5.7066 -2.8985 187.6583 -2.4176 0.3071 43.5 23.3677 10-Dec-2019 15:19:03
188.9002 -2.8097 0 187.872 -2.7264 0 25.25 23.6132 185.1089 -5.6917 -2.882 187.6587 -2.4172 0.30917 43.4375 23.3677 10-Dec-2019 15:19:09
188.8962 -2.8137 0 187.868 -2.7304 0 25.25 23.6223 185.12 -5.6806 -2.8669 187.6698 -2.4061 0.32422 43.375 23.3677 10-Dec-2019 15:19:15
188.8986 -2.8112 0 187.8704 -2.7279 0 25.25 23.6223 185.1353 -5.6653 -2.854 187.6562 -2.4197 0.30823 43.3125 23.3677 10-Dec-2019 15:19:21
188.898 -2.8119 0 187.8698 -2.7286 0 25.25 23.6223 185.1386 -5.662 -2.8501 187.6595 -2.4164 0.31218 43.3125 23.3677 10-Dec-2019 15:19:28
188.899 -2.8109 0 187.8708 -2.7276 0 25.25 23.6223 185.1498 -5.6508 -2.8398 187.6563 -2.4196 0.308 43.25 23.3677 10-Dec-2019 15:19:34
188.8999 -2.81 0 187.8717 -2.7267 0 25.25 23.6223 185.161 -5.6396 -2.8296 187.6531 -2.4228 0.30385 43.1875 23.3677 10-Dec-2019 15:19:40
188.8986 -2.8113 0 187.8704 -2.728 0 25.25 23.6223 185.1727 -5.6279 -2.8166 187.6504 -2.4255 0.30247 43.125 23.3677 10-Dec-2019 15:19:46
188.9038 -2.8061 0 187.8756 -2.7228 0 25.25 23.6223 185.1809 -5.6197 -2.8136 187.6442 -2.4317 0.29106 43.0625 23.3677 10-Dec-2019 15:19:52
188.9038 -2.806 0 187.8756 -2.7227 0 25.25 23.6223 185.1909 -5.6096 -2.8036 187.6543 -2.4217 0.30107 43.0625 23.3677 10-Dec-2019 15:19:58
188.8987 -2.8112 0 187.8705 -2.7279 0 25.25 23.6314 185.1976 -5.603 -2.7917 187.6466 -2.4294 0.29857 43 23.3677 10-Dec-2019 15:20:04
188.8989 -2.8109 0 187.8707 -2.7276 0 25.25 23.6223 185.2101 -5.5905 -2.7795 187.6447 -2.4312 0.29642 42.9375 23.3677 10-Dec-2019 15:20:10
188.9015 -2.8084 0 187.8733 -2.7251 0 25.25 23.6223 185.2171 -5.5835 -2.7751 187.6373 -2.4386 0.2865 42.875 23.3677 10-Dec-2019 15:20:16
188.9063 -2.8036 0 187.8781 -2.7203 0 25.25 23.6223 185.2257 -5.5749 -2.7712 187.646 -2.4299 0.29039 42.875 23.3677 10-Dec-2019 15:20:22
188.904 -2.8059 0 187.8758 -2.7226 0 25.25 23.6223 185.2383 -5.5623 -2.7563 187.6443 -2.4316 0.29097 42.8125 23.3677 10-Dec-2019 15:20:29
188.9061 -2.8038 0 187.8779 -2.7205 0 25.25 23.6223 185.2473 -5.5532 -2.7494 187.639 -2.4369 0.28358 42.75 23.3677 10-Dec-2019 15:20:35
188.9056 -2.8043 0 187.8761 -2.7223 0 25.25 23.6041 185.2552 -5.5454 -2.7411 187.6326 -2.4433 0.27896 42.6875 23.3768 10-Dec-2019 15:20:41
188.9063 -2.8036 0 187.8781 -2.7203 0 25.25 23.6223 185.2635 -5.5371 -2.7335 187.6409 -2.4351 0.28523 42.6875 23.3768 10-Dec-2019 15:20:47
188.9051 -2.8048 0 187.8769 -2.7215 0 25.25 23.6223 185.2749 -5.5257 -2.7209 187.638 -2.4379 0.28357 42.625 23.3677 10-Dec-2019 15:20:53
188.904 -2.8058 0 187.8758 -2.7225 0 25.25 23.6223 185.2821 -5.5184 -2.7126 187.631 -2.4449 0.27762 42.5625 23.3768 10-Dec-2019 15:20:59
188.9039 -2.806 0 187.8757 -2.7227 0 25.25 23.6223 185.289 -5.5116 -2.7056 187.6237 -2.4523 0.27042 42.5 23.3768 10-Dec-2019 15:21:05
188.9037 -2.8062 0 187.8755 -2.7229 0 25.25 23.6223 185.305 -5.4956 -2.6894 187.6396 -2.4363 0.28661 42.5 23.3677 10-Dec-2019 15:21:11
188.9023 -2.8076 0 187.8741 -2.7243 0 25.25 23.6223 185.3099 -5.4907 -2.6831 187.6303 -2.4456 0.27867 42.4375 23.3768 10-Dec-2019 15:21:17
188.9059 -2.804 0 187.8777 -2.7207 0 25.25 23.6223 185.3188 -5.4818 -2.6777 187.6251 -2.4509 0.26984 42.375 23.3768 10-Dec-2019 15:21:24
188.904 -2.8059 0 187.8758 -2.7226 0 25.25 23.6223 185.328 -5.4725 -2.6667 187.6343 -2.4417 0.28091 42.375 23.3768 10-Dec-2019 15:21:30
188.9059 -2.804 0 187.8777 -2.7206 0 25.25 23.6223 185.3379 -5.4627 -2.6588 187.6299 -2.446 0.27464 42.3125 23.3677 10-Dec-2019 15:21:36
188.9062 -2.8037 0 187.878 -2.7204 0 25.25 23.6223 185.3427 -5.4579 -2.6542 187.6206 -2.4553 0.26508 42.25 23.3768 10-Dec-2019 15:21:42
188.9044 -2.8054 0 187.8763 -2.7221 0 25.25 23.6223 185.3518 -5.4488 -2.6433 187.6156 -2.4604 0.26175 42.1875 23.3768 10-Dec-2019 15:21:48
188.9036 -2.8063 0 187.8754 -2.723 0 25.25 23.6223 185.356 -5.4446 -2.6383 187.6056 -2.4704 0.25262 42.125 23.3768 10-Dec-2019 15:21:54
188.9052 -2.8046 0 187.877 -2.7213 0 25.25 23.6223 185.3685 -5.4321 -2.6275 187.5899 -2.4861 0.23526 42 23.3768 10-Dec-2019 15:22:00
188.9021 -2.8078 0 187.8739 -2.7244 0 25.25 23.6314 185.3841 -5.4164 -2.6087 187.5915 -2.4845 0.23997 41.9375 23.3768 10-Dec-2019 15:22:06
188.9026 -2.8073 0 187.8744 -2.724 0 25.25 23.6223 185.4018 -5.3988 -2.5915 187.5951 -2.4809 0.24313 41.8125 23.3768 10-Dec-2019 15:22:12
188.9063 -2.8036 0 187.8781 -2.7203 0 25.25 23.6223 185.4183 -5.3823 -2.5787 187.5835 -2.4924 0.22783 41.75 23.3768 10-Dec-2019 15:22:18
188.9066 -2.8033 0 187.8784 -2.72 0 25.25 23.6223 185.4352 -5.3654 -2.5621 187.6004 -2.4755 0.24443 41.6875 23.3768 10-Dec-2019 15:22:25
188.9021 -2.8078 0 187.8739 -2.7245 0 25.25 23.6223 185.4454 -5.3552 -2.5474 187.5966 -2.4794 0.24516 41.625 23.3768 10-Dec-2019 15:22:31
188.9045 -2.8054 0 187.8763 -2.7221 0 25.25 23.6223 185.4655 -5.3351 -2.5296 187.5972 -2.4788 0.24332 41.5625 23.3768 10-Dec-2019 15:22:37
188.9042 -2.8057 0 187.876 -2.7224 0 25.25 23.6223 185.4791 -5.3215 -2.5158 187.5883 -2.4876 0.2348 41.5 23.3768 10-Dec-2019 15:22:43
188.9057 -2.8042 0 187.8775 -2.7209 0 25.25 23.6223 185.494 -5.3066 -2.5024 187.5894 -2.4866 0.23431 41.4375 23.3859 10-Dec-2019 15:22:49
188.9065 -2.8034 0 187.8783 -2.7201 0 25.25 23.6223 185.5085 -5.2921 -2.4887 187.5899 -2.486 0.23407 41.375 23.3768 10-Dec-2019 15:22:55
188.9071 -2.8027 0 187.8789 -2.7194 0 25.25 23.6223 185.5205 -5.2801 -2.4773 187.588 -2.4879 0.23154 41.3125 23.3768 10-Dec-2019 15:23:01
188.9054 -2.8045 0 187.8772 -2.7212 0 25.25 23.6223 185.5293 -5.2713 -2.4668 187.5829 -2.493 0.22821 41.25 23.3859 10-Dec-2019 15:23:07
188.9076 -2.8022 0 187.8794 -2.7189 0 25.25 23.6223 185.5444 -5.2562 -2.454 187.5842 -2.4918 0.22716 41.1875 23.3677 10-Dec-2019 15:23:13
188.9067 -2.8032 0 187.8785 -2.7199 0 25.25 23.6223 185.5536 -5.247 -2.4438 187.5934 -2.4825 0.23737 41.1875 23.3768 10-Dec-2019 15:23:19
188.9084 -2.8015 0 187.8802 -2.7182 0 25.25 23.6223 185.5683 -5.2323 -2.4308 187.5804 -2.4955 0.22263 41.0625 23.3768 10-Dec-2019 15:23:26
188.9077 -2.8022 0 187.8795 -2.7189 0 25.25 23.6223 185.5784 -5.2222 -2.42 187.5905 -2.4855 0.23343 41.0625 23.3859 10-Dec-2019 15:23:32
188.9061 -2.8037 0 187.8779 -2.7204 0 25.25 23.6223 185.5906 -5.21 -2.4063 187.5751 -2.5009 0.21957 40.9375 23.3859 10-Dec-2019 15:23:38
188.9061 -2.8038 0 187.8779 -2.7205 0 25.25 23.6223 185.6017 -5.1989 -2.3951 187.5862 -2.4897 0.23079 40.9375 23.3859 10-Dec-2019 15:23:44
188.9057 -2.8042 0 187.8775 -2.7209 0 25.25 23.6223 185.6143 -5.1863 -2.3821 187.5851 -2.4909 0.23004 40.875 23.3768 10-Dec-2019 15:23:50
188.9053 -2.8046 0 187.8771 -2.7213 0 25.25 23.6223 185.624 -5.1766 -2.372 187.581 -2.4949 0.2263 40.8125 23.3768 10-Dec-2019 15:23:56
188.9064 -2.8035 0 187.8785 -2.7199 0 25.25 23.6223 185.6377 -5.1629 -2.3594 187.581 -2.4949 0.22495 40.75 23.3768 10-Dec-2019 15:24:02
188.9036 -2.8062 0 187.8754 -2.7229 0 25.25 23.6223 185.6483 -5.1523 -2.3461 187.5778 -2.4981 0.22482 40.6875 23.3768 10-Dec-2019 15:24:08
188.9073 -2.8026 0 187.8791 -2.7193 0 25.25 23.6223 185.659 -5.1416 -2.339 187.5748 -2.5011 0.2182 40.625 23.3768 10-Dec-2019 15:24:14
188.9079 -2.8019 0 187.8797 -2.7186 0 25.25 23.6223 185.6674 -5.1331 -2.3312 187.5696 -2.5063 0.21233 40.5625 23.3859 10-Dec-2019 15:24:21
188.9088 -2.801 0 187.8806 -2.7177 0 25.25 23.6223 185.6791 -5.1215 -2.3204 187.5677 -2.5083 0.20946 40.5 23.3859 10-Dec-2019 15:24:27
188.9091 -2.8007 0 187.881 -2.7174 0 25.25 23.6223 185.6888 -5.1118 -2.3111 187.5637 -2.5122 0.20518 40.4375 23.3859 10-Dec-2019 15:24:33
188.9096 -2.8003 0 187.8814 -2.717 0 25.25 23.6223 185.7005 -5.1 -2.2997 187.5755 -2.5005 0.21654 40.4375 23.3768 10-Dec-2019 15:24:39
188.9085 -2.8014 0 187.8803 -2.7181 0 25.25 23.6223 185.7137 -5.0869 -2.2854 187.5751 -2.5009 0.21721 40.375 23.3859 10-Dec-2019 15:24:45
188.9091 -2.8008 0 187.8809 -2.7174 0 25.25 23.6223 185.7218 -5.0788 -2.278 187.5695 -2.5064 0.21104 40.3125 23.395 10-Dec-2019 15:24:51
188.9122 -2.7977 0 187.884 -2.7143 0 25.25 23.6223 185.7328 -5.0678 -2.2702 187.5669 -2.509 0.20532 40.25 23.3859 10-Dec-2019 15:24:57
188.9092 -2.8007 0 187.881 -2.7173 0 25.25 23.6223 185.7437 -5.0569 -2.2562 187.5643 -2.5117 0.20569 40.1875 23.3859 10-Dec-2019 15:25:03
188.9073 -2.8026 0 187.8791 -2.7193 0 25.25 23.6223 185.7522 -5.0483 -2.2458 187.5593 -2.5166 0.20262 40.125 23.3859 10-Dec-2019 15:25:09
188.9067 -2.8032 0 187.8785 -2.7199 0 25.25 23.6223 185.7622 -5.0384 -2.2352 187.5693 -2.5067 0.21321 40.0625 23.3859 10-Dec-2019 15:25:15
188.9097 -2.8002 0 187.8815 -2.7169 0 25.25 23.6223 185.7712 -5.0294 -2.2292 187.5647 -2.5112 0.20564 40 23.3859 10-Dec-2019 15:25:22
188.9093 -2.8006 0 187.8811 -2.7173 0 25.25 23.6223 185.781 -5.0196 -2.219 187.5611 -2.5149 0.20239 40 23.3859 10-Dec-2019 15:25:28
188.9067 -2.8031 0 187.8785 -2.7198 0 25.25 23.6223 185.7907 -5.0098 -2.2067 187.5573 -2.5186 0.2012 39.9375 23.395 10-Dec-2019 15:25:34
188.9079 -2.802 0 187.8797 -2.7187 0 25.25 23.6223 185.7995 -5.0011 -2.1991 187.5661 -2.5098 0.20886 39.875 23.395 10-Dec-2019 15:25:40
188.9057 -2.8042 0 187.8775 -2.7209 0 25.25 23.6223 185.8077 -4.9929 -2.1887 187.5608 -2.5151 0.20575 39.875 23.3859 10-Dec-2019 15:25:46
188.9048 -2.8051 0 187.8766 -2.7218 0 25.25 23.6223 185.8166 -4.9839 -2.1788 187.5563 -2.5196 0.20218 39.8125 23.3859 10-Dec-2019 15:25:52
188.907 -2.8029 0 187.8788 -2.7196 0 25.25 23.6223 185.8331 -4.9675 -2.1646 187.5594 -2.5165 0.20303 39.75 23.3859 10-Dec-2019 15:25:58
188.91 -2.7999 0 187.8818 -2.7166 0 25.25 23.6223 185.838 -4.9626 -2.1627 187.5509 -2.525 0.19153 39.6875 23.395 10-Dec-2019 15:26:04
188.9101 -2.7998 0 187.8819 -2.7165 0 25.25 23.6223 185.8537 -4.9469 -2.1471 187.5532 -2.5228 0.19371 39.625 23.395 10-Dec-2019 15:26:10
188.9095 -2.8004 0 187.8813 -2.717 0 25.25 23.595 185.8637 -4.9369 -2.1366 187.5498 -2.5261 0.19092 39.5625 23.3859 10-Dec-2019 15:26:17
188.9075 -2.8024 0 187.8793 -2.719 0 25.25 23.6223 185.8712 -4.9294 -2.127 187.544 -2.5319 0.18713 39.5 23.3859 10-Dec-2019 15:26:23
188.9081 -2.8018 0 187.8799 -2.7185 0 25.25 23.6223 185.8805 -4.9201 -2.1183 187.5533 -2.5226 0.19583 39.5 23.3859 10-Dec-2019 15:26:29
188.9063 -2.8035 0 187.8781 -2.7202 0 25.25 23.6223 185.8893 -4.9112 -2.1077 187.5489 -2.5271 0.19315 39.4375 23.395 10-Dec-2019 15:26:35
188.9066 -2.8033 0 187.8784 -2.72 0 25.25 23.6223 185.8985 -4.902 -2.0987 187.5448 -2.5312 0.18883 39.375 23.4041 10-Dec-2019 15:26:41
188.9062 -2.8037 0 187.878 -2.7204 0 25.25 23.6223 185.9104 -4.8902 -2.0865 187.5434 -2.5326 0.18782 39.3125 23.395 10-Dec-2019 15:26:47
188.9101 -2.7998 0 187.8819 -2.7165 0 25.25 23.6223 185.9188 -4.8818 -2.082 187.5385 -2.5374 0.17908 39.25 23.395 10-Dec-2019 15:26:53
188.9101 -2.7998 0 187.8819 -2.7164 0 25.25 23.6223 185.9246 -4.876 -2.0763 187.5443 -2.5317 0.18478 39.25 23.395 10-Dec-2019 15:26:59
188.9098 -2.8001 0 187.8816 -2.7168 0 25.25 23.6223 185.9371 -4.8635 -2.0634 187.5436 -2.5324 0.1844 39.1875 23.4041 10-Dec-2019 15:27:05
188.9078 -2.8021 0 187.8796 -2.7188 0 25.25 23.6223 185.9446 -4.856 -2.0538 187.5379 -2.538 0.18077 39.125 23.4041 10-Dec-2019 15:27:12
188.9096 -2.8003 0 187.8849 -2.7135 0 25.25 23.6223 185.953 -4.8476 -2.0473 187.5331 -2.5428 0.17065 39.0625 23.395 10-Dec-2019 15:27:18
188.9087 -2.8012 0 187.8805 -2.7179 0 25.25 23.6223 185.9619 -4.8387 -2.0374 187.542 -2.5339 0.18401 39.0625 23.395 10-Dec-2019 15:27:24
188.9098 -2.8 0 187.8816 -2.7167 0 25.25 23.6223 185.9703 -4.8302 -2.0302 187.5373 -2.5387 0.17809 39 23.395 10-Dec-2019 15:27:30
188.9094 -2.8005 0 187.8812 -2.7172 0 25.25 23.6223 185.9783 -4.8223 -2.0218 187.5321 -2.5439 0.17332 38.9375 23.4041 10-Dec-2019 15:27:36
188.9064 -2.8035 0 187.8782 -2.7202 0 25.25 23.6223 185.9875 -4.8131 -2.0096 187.5282 -2.5477 0.17244 38.875 23.395 10-Dec-2019 15:27:42
188.913 -2.7969 0 187.8848 -2.7136 0 25.25 23.6223 185.9958 -4.8048 -2.0079 187.5234 -2.5526 0.16103 38.8125 23.4041 10-Dec-2019 15:27:48
188.9118 -2.798 0 187.8836 -2.7147 0 25.25 23.6223 186.0054 -4.7952 -1.9971 187.533 -2.543 0.17178 38.8125 23.395 10-Dec-2019 15:27:54
188.912 -2.7979 0 187.8838 -2.7146 0 25.25 23.6314 186.0145 -4.7861 -1.9882 187.529 -2.547 0.16765 38.75 23.4041 10-Dec-2019 15:28:00
188.9128 -2.7971 0 187.8846 -2.7138 0 25.25 23.6223 186.0214 -4.7792 -1.9821 187.5359 -2.54 0.17377 38.6875 23.4041 10-Dec-2019 15:28:06
188.9113 -2.7985 0 187.8831 -2.7152 0 25.25 23.6223 186.0301 -4.7705 -1.972 187.5316 -2.5444 0.17084 38.625 23.4041 10-Dec-2019 15:28:13
188.9125 -2.7974 0 187.8843 -2.7141 0 25.25 23.6223 186.0408 -4.7598 -1.9624 187.5293 -2.5467 0.16742 38.625 23.4041 10-Dec-2019 15:28:19
188.9115 -2.7984 0 187.8833 -2.7151 0 25.25 23.6223 186.0487 -4.7519 -1.9535 187.5241 -2.5518 0.16327 38.5625 23.4041 10-Dec-2019 15:28:25
188.9148 -2.7951 0 187.8866 -2.7118 0 25.25 23.6223 186.0601 -4.7405 -1.9454 187.5355 -2.5404 0.17136 38.5 23.4041 10-Dec-2019 15:28:31
188.9188 -2.791 0 187.8906 -2.7077 0 25.25 23.6223 186.066 -4.7346 -1.9435 187.5285 -2.5475 0.16025 38.5 23.4041 10-Dec-2019 15:28:37
188.9168 -2.7931 0 187.8886 -2.7098 0 25.25 23.6223 186.0728 -4.7278 -1.9347 187.5223 -2.5536 0.15611 38.4375 23.4041 10-Dec-2019 15:28:43
188.9165 -2.7934 0 187.8883 -2.71 0 25.25 23.6223 186.0818 -4.7188 -1.9254 187.5184 -2.5576 0.15245 38.375 23.4041 10-Dec-2019 15:28:49
188.9151 -2.7948 0 187.8869 -2.7115 0 25.25 23.6223 186.0915 -4.7091 -1.9142 187.5281 -2.5479 0.16364 38.375 23.395 10-Dec-2019 15:28:55
188.9129 -2.7969 0 187.8848 -2.7136 0 25.25 23.6223 186.0985 -4.7021 -1.9051 187.5222 -2.5538 0.15984 38.3125 23.4041 10-Dec-2019 15:29:01
188.9169 -2.793 0 187.8887 -2.7096 0 25.25 23.6223 186.1086 -4.692 -1.8991 187.5193 -2.5566 0.153 38.25 23.395 10-Dec-2019 15:29:08
188.9165 -2.7934 0 187.8883 -2.7101 0 25.25 23.6314 186.1197 -4.6809 -1.8875 187.5139 -2.562 0.14807 38.1875 23.4041 10-Dec-2019 15:29:14
188.9176 -2.7922 0 187.8895 -2.7089 0 25.25 23.6223 186.1338 -4.6668 -1.8745 187.5317 -2.5443 0.16467 38.1875 23.395 10-Dec-2019 15:29:20
188.9154 -2.7945 0 187.8872 -2.7112 0 25.25 23.6223 186.1384 -4.6622 -1.8677 187.5234 -2.5526 0.15862 38.125 23.4041 10-Dec-2019 15:29:26
188.9194 -2.7905 0 187.8912 -2.7072 0 25.25 23.6223 186.1471 -4.6535 -1.863 187.5193 -2.5566 0.15056 38.0625 23.4041 10-Dec-2019 15:29:32
188.918 -2.7919 0 187.8898 -2.7085 0 25.25 23.6223 186.1532 -4.6474 -1.8555 187.5126 -2.5634 0.14517 38 23.4041 10-Dec-2019 15:29:38
188.9206 -2.7892 0 187.8924 -2.7059 0 25.25 23.6223 186.1611 -4.6395 -1.8503 187.5205 -2.5555 0.15047 38 23.4041 10-Dec-2019 15:29:44
188.9206 -2.7893 0 187.8924 -2.706 0 25.25 23.6223 186.175 -4.6255 -1.8363 187.5216 -2.5543 0.15167 37.9375 23.4041 10-Dec-2019 15:29:50
188.9168 -2.7931 0 187.8886 -2.7097 0 25.25 23.6314 186.1813 -4.6193 -1.8262 187.5151 -2.5608 0.14893 37.875 23.4131 10-Dec-2019 15:29:56
188.9195 -2.7903 0 187.8913 -2.707 0 25.25 23.6223 186.1894 -4.6112 -1.8208 187.5105 -2.5654 0.14162 37.8125 23.4131 10-Dec-2019 15:30:02
188.919 -2.7909 0 187.8908 -2.7076 0 25.25 23.6223 186.1986 -4.602 -1.8111 187.5197 -2.5562 0.1514 37.8125 23.395 10-Dec-2019 15:30:09
188.9213 -2.7885 0 187.8931 -2.7052 0 25.25 23.6223 186.2038 -4.5968 -1.8083 187.5122 -2.5638 0.14145 37.75 23.4041 10-Dec-2019 15:30:15
188.9191 -2.7908 0 187.8909 -2.7075 0 25.25 23.6223 186.2106 -4.59 -1.7992 187.519 -2.5569 0.15054 37.75 23.4041 10-Dec-2019 15:30:21
188.9191 -2.7907 0 187.8909 -2.7074 0 25.25 23.6223 186.2184 -4.5822 -1.7915 187.5141 -2.5618 0.14558 37.6875 23.4041 10-Dec-2019 15:30:27
188.9172 -2.7927 0 187.889 -2.7094 0 25.25 23.6223 186.2249 -4.5757 -1.783 187.508 -2.568 0.1414 37.625 23.4041 10-Dec-2019 15:30:33
188.9213 -2.7886 0 187.8931 -2.7053 0 25.25 23.6223 186.2307 -4.5699 -1.7813 187.5137 -2.5622 0.14305 37.625 23.4041 10-Dec-2019 15:30:39
188.9252 -2.7847 0 187.897 -2.7014 0 25.25 23.6223 186.2422 -4.5583 -1.7736 187.5127 -2.5633 0.13812 37.5625 23.4041 10-Dec-2019 15:30:45
188.9215 -2.7884 0 187.8933 -2.705 0 25.25 23.6223 186.2485 -4.5521 -1.7637 187.5189 -2.557 0.14803 37.5625 23.4041 10-Dec-2019 15:30:51
188.922 -2.7879 0 187.8938 -2.7046 0 25.25 23.6223 186.2564 -4.5442 -1.7563 187.5142 -2.5618 0.14278 37.5 23.4041 10-Dec-2019 15:30:57
188.9252 -2.7847 0 187.897 -2.7014 0 25.25 23.6223 186.2632 -4.5374 -1.7527 187.5084 -2.5675 0.13387 37.4375 23.4041 10-Dec-2019 15:31:03
188.9245 -2.7854 0 187.8963 -2.7021 0 25.25 23.6223 186.2694 -4.5312 -1.7458 187.5146 -2.5613 0.14078 37.4375 23.4041 10-Dec-2019 15:31:10
188.9195 -2.7904 0 187.8913 -2.707 0 25.25 23.6223 186.2761 -4.5245 -1.7341 187.5088 -2.5672 0.13986 37.375 23.4041 10-Dec-2019 15:31:16
188.9219 -2.7879 0 187.8937 -2.7046 0 25.25 23.6223 186.2857 -4.5149 -1.7269 187.5058 -2.5702 0.13448 37.3125 23.4041 10-Dec-2019 15:31:22
188.9143 -2.7956 0 187.8861 -2.7123 0 25.25 23.6223 186.2883 -4.5123 -1.7167 187.5084 -2.5676 0.14474 37.3125 23.4041 10-Dec-2019 15:31:28
188.9177 -2.7922 0 187.8895 -2.7088 0 25.25 23.6223 186.2951 -4.5055 -1.7134 187.5026 -2.5733 0.13553 37.25 23.4041 10-Dec-2019 15:31:34
188.9167 -2.7932 0 187.8885 -2.7098 0 25.25 23.6132 186.3024 -4.4982 -1.705 187.5099 -2.566 0.14384 37.1875 23.4131 10-Dec-2019 15:31:40
188.9183 -2.7916 0 187.8901 -2.7083 0 25.25 23.6223 186.3093 -4.4913 -1.6997 187.5043 -2.5716 0.13669 37.1875 23.4041 10-Dec-2019 15:31:46
188.9205 -2.7894 0 187.8923 -2.7061 0 25.25 23.6223 186.321 -4.4795 -1.6901 187.5036 -2.5723 0.1338 37.125 23.4131 10-Dec-2019 15:31:52
188.9209 -2.789 0 187.8927 -2.7057 0 25.25 23.6223 186.3283 -4.4723 -1.6833 187.5109 -2.565 0.14063 37.0625 23.4041 10-Dec-2019 15:31:58
188.92 -2.7899 0 187.8918 -2.7066 0 25.25 23.6223 186.3371 -4.4634 -1.6736 187.5073 -2.5686 0.13791 37.0625 23.4131 10-Dec-2019 15:32:05
188.9221 -2.7878 0 187.8939 -2.7045 0 25.25 23.6223 186.3397 -4.4608 -1.673 187.4975 -2.5785 0.12599 37 23.4131 10-Dec-2019 15:32:11
188.9221 -2.7878 0 187.8939 -2.7045 0 25.25 23.6223 186.3458 -4.4548 -1.667 187.5035 -2.5724 0.13206 36.9375 23.4041 10-Dec-2019 15:32:17
188.9208 -2.7891 0 187.8926 -2.7058 0 25.25 23.6223 186.3525 -4.4481 -1.659 187.4978 -2.5782 0.12761 36.9375 23.4131 10-Dec-2019 15:32:23
188.9224 -2.7875 0 187.8942 -2.7042 0 25.25 23.6223 186.3651 -4.4355 -1.6479 187.4943 -2.5816 0.12256 36.875 23.4131 10-Dec-2019 15:32:29
188.9224 -2.7874 0 187.8942 -2.7041 0 25.25 23.6223 186.3716 -4.429 -1.6415 187.5045 -2.5714 0.13274 36.875 23.4131 10-Dec-2019 15:32:35
188.9231 -2.7868 0 187.8949 -2.7034 0 25.25 23.6223 186.3775 -4.4231 -1.6364 187.498 -2.5779 0.12555 36.8125 23.4131 10-Dec-2019 15:32:41
188.9259 -2.784 0 187.8977 -2.7007 0 25.25 23.6223 186.3852 -4.4154 -1.6314 187.4935 -2.5825 0.11818 36.75 23.4131 10-Dec-2019 15:32:47
188.9231 -2.7868 0 187.8949 -2.7035 0 25.25 23.6223 186.3916 -4.4089 -1.6222 187.4999 -2.576 0.12744 36.75 23.4041 10-Dec-2019 15:32:53
188.9232 -2.7867 0 187.895 -2.7034 0 25.25 23.6223 186.3967 -4.4039 -1.6172 187.4926 -2.5833 0.12012 36.6875 23.4131 10-Dec-2019 15:32:59
188.925 -2.7849 0 187.8968 -2.7016 0 25.1875 23.6223 186.4009 -4.3997 -1.6148 187.4845 -2.5914 0.11018 36.625 23.4222 10-Dec-2019 15:33:06
188.9215 -2.7884 0 187.8933 -2.705 0 25.25 23.6223 186.4096 -4.391 -1.6026 187.4933 -2.5827 0.12239 36.625 23.4131 10-Dec-2019 15:33:12
188.9238 -2.7861 0 187.8956 -2.7028 0 25.25 23.6223 186.4158 -4.3848 -1.5986 187.4873 -2.5887 0.11414 36.5625 23.4131 10-Dec-2019 15:33:18
188.9232 -2.7867 0 187.895 -2.7034 0 25.25 23.6223 186.4217 -4.3789 -1.5922 187.4931 -2.5828 0.12053 36.5625 23.4131 10-Dec-2019 15:33:24
188.9265 -2.7833 0 187.8983 -2.7 0 25.25 23.6223 186.4291 -4.3715 -1.5882 187.4883 -2.5877 0.11237 36.5 23.4222 10-Dec-2019 15:33:30
188.9208 -2.7891 0 187.8926 -2.7058 0 25.25 23.6223 186.4368 -4.3638 -1.5747 187.496 -2.5799 0.12589 36.5 23.4222 10-Dec-2019 15:33:36
188.9225 -2.7874 0 187.8943 -2.704 0 25.25 23.6223 186.4434 -4.3572 -1.5698 187.4904 -2.5855 0.1185 36.4375 23.4222 10-Dec-2019 15:33:42
188.9229 -2.787 0 187.8947 -2.7037 0 25.25 23.6223 186.4504 -4.3502 -1.5631 187.4853 -2.5907 0.11302 36.375 23.4222 10-Dec-2019 15:33:48
188.924 -2.7859 0 187.8946 -2.7038 0 25.25 23.6223 186.4578 -4.3428 -1.5569 187.4926 -2.5833 0.12045 36.375 23.4131 10-Dec-2019 15:33:54
188.9235 -2.7864 0 187.8953 -2.7031 0 25.25 23.6223 186.4624 -4.3382 -1.5518 187.4851 -2.5909 0.11223 36.3125 23.4222 10-Dec-2019 15:34:00
188.9235 -2.7863 0 187.8953 -2.703 0 25.25 23.6223 186.4668 -4.3338 -1.5475 187.4894 -2.5865 0.11653 36.3125 23.4222 10-Dec-2019 15:34:07
188.924 -2.7859 0 187.8958 -2.7026 0 25.25 23.6223 186.4732 -4.3274 -1.5415 187.4838 -2.5922 0.11041 36.25 23.4131 10-Dec-2019 15:34:13
188.9235 -2.7863 0 187.8953 -2.703 0 25.25 23.6223 186.4785 -4.3221 -1.5357 187.4769 -2.599 0.10403 36.1875 23.4131 10-Dec-2019 15:34:19
188.9235 -2.7864 0 187.8953 -2.7031 0 25.25 23.6132 186.4876 -4.3129 -1.5266 187.4861 -2.5898 0.11324 36.1875 23.4222 10-Dec-2019 15:34:25
188.9242 -2.7856 0 187.896 -2.7023 0 25.25 23.6314 186.489 -4.3116 -1.5259 187.4754 -2.6005 0.10179 36.125 23.4222 10-Dec-2019 15:34:31
188.9247 -2.7852 0 187.8965 -2.7019 0 25.25 23.6223 186.4949 -4.3057 -1.5204 187.4692 -2.6067 0.095215 36.0625 23.4222 10-Dec-2019 15:34:37
188.9258 -2.7841 0 187.8976 -2.7008 0 25.25 23.6223 186.5013 -4.2993 -1.5152 187.4756 -2.6003 0.10051 36.0625 23.4222 10-Dec-2019 15:34:43
188.9248 -2.7851 0 187.8966 -2.7018 0 25.25 23.6223 186.5075 -4.2931 -1.5079 187.4698 -2.6061 0.095673 36.0625 23.4222 10-Dec-2019 15:34:49
188.9247 -2.7852 0 187.8965 -2.7019 0 25.25 23.6132 186.5138 -4.2868 -1.5016 187.4761 -2.5998 0.10207 36 23.4222 10-Dec-2019 15:34:55
188.9254 -2.7845 0 187.8972 -2.7012 0 25.25 23.6223 186.5227 -4.2779 -1.4933 187.485 -2.5909 0.11029 35.9375 23.4222 10-Dec-2019 15:35:02
188.9254 -2.7845 0 187.8972 -2.7012 0 25.25 23.6223 186.5267 -4.2739 -1.4893 187.477 -2.5989 0.10229 35.9375 23.4222 10-Dec-2019 15:35:08
188.9239 -2.786 0 187.8957 -2.7027 0 25.25 23.6132 186.535 -4.2656 -1.4796 187.4733 -2.6026 0.10004 35.875 23.4222 10-Dec-2019 15:35:14
188.926 -2.7839 0 187.8978 -2.7006 0 25.25 23.6223 186.5373 -4.2633 -1.4794 187.4756 -2.6003 0.10025 35.8125 23.4222 10-Dec-2019 15:35:20
188.9243 -2.7856 0 187.8961 -2.7023 0 25.25 23.6223 186.5439 -4.2567 -1.4711 187.4703 -2.6056 0.096634 35.8125 23.4222 10-Dec-2019 15:35:26
188.922 -2.7879 0 187.8938 -2.7046 0 25.25 23.6223 186.5514 -4.2492 -1.4613 187.4778 -2.5981 0.10646 35.8125 23.4222 10-Dec-2019 15:35:32
188.925 -2.7849 0 187.8968 -2.7016 0 25.25 23.6223 186.5557 -4.2449 -1.46 187.4702 -2.6058 0.095779 35.75 23.4222 10-Dec-2019 15:35:38
188.9219 -2.788 0 187.8937 -2.7047 0 25.25 23.6223 186.5625 -4.2381 -1.45 187.477 -2.5989 0.10577 35.75 23.4222 10-Dec-2019 15:35:44
188.9207 -2.7892 0 187.8925 -2.7059 0 25.25 23.6223 186.5661 -4.2345 -1.4453 187.4681 -2.6078 0.098053 35.6875 23.4222 10-Dec-2019 15:35:50
188.9201 -2.7898 0 187.8919 -2.7065 0 25.25 23.6223 186.5757 -4.2249 -1.4352 187.4664 -2.6096 0.096878 35.625 23.4222 10-Dec-2019 15:35:56
188.9198 -2.7901 0 187.8916 -2.7068 0 25.25 23.6314 186.5797 -4.2209 -1.4308 187.4704 -2.6056 0.10123 35.625 23.4222 10-Dec-2019 15:36:03
188.9213 -2.7886 0 187.8931 -2.7052 0 25.25 23.6223 186.5866 -4.2139 -1.4254 187.4655 -2.6104 0.094818 35.5625 23.4222 10-Dec-2019 15:36:09
188.9181 -2.7918 0 187.8899 -2.7085 0 25.25 23.6223 186.5926 -4.2079 -1.4162 187.4715 -2.6044 0.10405 35.5625 23.4222 10-Dec-2019 15:36:15
188.9209 -2.789 0 187.8927 -2.7057 0 25.25 23.6223 186.5967 -4.2039 -1.4149 187.4638 -2.6122 0.093521 35.5 23.4222 10-Dec-2019 15:36:21
188.9199 -2.79 0 187.8917 -2.7067 0 25.25 23.6223 186.6051 -4.1954 -1.4054 187.4722 -2.6037 0.10295 35.5 23.4313 10-Dec-2019 15:36:27
188.9201 -2.7898 0 187.8919 -2.7065 0 25.1875 23.6314 186.6104 -4.1902 -1.4004 187.4657 -2.6103 0.096191 35.4375 23.4222 10-Dec-2019 15:36:33
188.9249 -2.785 0 187.8905 -2.7079 0 25.25 23.6223 186.6152 -4.1854 -1.4004 187.4705 -2.6055 0.10239 35.4375 23.4222 10-Dec-2019 15:36:39
188.9201 -2.7897 0 187.8919 -2.7064 0 25.25 23.6223 186.6185 -4.1821 -1.3924 187.462 -2.614 0.092468 35.375 23.4222 10-Dec-2019 15:36:45
188.9191 -2.7907 0 187.8909 -2.7074 0 25.25 23.6314 186.6264 -4.1742 -1.3835 187.4699 -2.606 0.10139 35.375 23.4222 10-Dec-2019 15:36:51
188.9216 -2.7883 0 187.8934 -2.705 0 25.25 23.6223 186.6287 -4.1719 -1.3835 187.4605 -2.6155 0.089554 35.3125 23.4222 10-Dec-2019 15:36:57
188.9264 -2.7835 0 187.8982 -2.7002 0 25.25 23.6223 186.6355 -4.1651 -1.3816 187.4556 -2.6204 0.079819 35.25 23.4222 10-Dec-2019 15:37:04
188.9189 -2.791 0 187.8907 -2.7077 0 25.25 23.6223 186.636 -4.1646 -1.3736 187.4561 -2.6198 0.08783 35.25 23.4222 10-Dec-2019 15:37:10
188.9207 -2.7892 0 187.8964 -2.702 0 25.25 23.6314 186.6482 -4.1524 -1.3633 187.4682 -2.6077 0.094269 35.25 23.4222 10-Dec-2019 15:37:16
188.9215 -2.7884 0 187.8933 -2.7051 0 25.25 23.6223 186.6505 -4.1501 -1.3617 187.4589 -2.6171 0.088028 35.1875 23.4313 10-Dec-2019 15:37:22
188.9227 -2.7872 0 187.8945 -2.7039 0 25.25 23.6223 186.6566 -4.144 -1.3568 187.465 -2.6109 0.092972 35.125 23.4222 10-Dec-2019 15:37:28
188.9227 -2.7872 0 187.8945 -2.7039 0 25.25 23.6223 186.6566 -4.144 -1.3568 187.465 -2.6109 0.092972 35.125 23.4222 10-Dec-2019 15:37:28
188.9192 -2.7907 0 187.891 -2.7074 0 25.25 23.6223 186.6645 -4.1361 -1.3454 187.4612 -2.6147 0.092667 35.0625 23.4222 10-Dec-2019 15:37:40
188.9194 -2.7905 0 187.8912 -2.7072 0 25.1875 23.6223 186.6684 -4.1322 -1.3417 187.4535 -2.6225 0.084717 35.0625 23.4222 10-Dec-2019 15:37:46
188.9213 -2.7886 0 187.8869 -2.7114 0 25.25 23.6223 186.6755 -4.1251 -1.3365 187.4606 -2.6153 0.09613 35.0625 23.4222 10-Dec-2019 15:37:53
188.9218 -2.7881 0 187.8936 -2.7048 0 25.25 23.6223 186.6791 -4.1215 -1.3334 187.4526 -2.6233 0.081451 35 23.4222 10-Dec-2019 15:37:59
188.921 -2.7889 0 187.8928 -2.7056 0 25.25 23.6223 186.6827 -4.1179 -1.329 187.4446 -2.6313 0.074249 34.9375 23.4313 10-Dec-2019 15:38:05
188.9208 -2.7891 0 187.8926 -2.7058 0 25.25 23.6223 186.6888 -4.1118 -1.3227 187.4507 -2.6253 0.080551 34.9375 23.4222 10-Dec-2019 15:38:11
188.9215 -2.7884 0 187.8933 -2.705 0 25.25 23.6223 186.6968 -4.1038 -1.3155 187.4587 -2.6172 0.087799 34.9375 23.4222 10-Dec-2019 15:38:17
188.9234 -2.7865 0 187.8952 -2.7032 0 25.25 23.6223 186.701 -4.0996 -1.3131 187.4513 -2.6246 0.078613 34.875 23.4222 10-Dec-2019 15:38:23
188.9231 -2.7868 0 187.8949 -2.7035 0 25.25 23.6223 186.7041 -4.0964 -1.3097 187.4545 -2.6214 0.082047 34.875 23.4222 10-Dec-2019 15:38:29
188.924 -2.7859 0 187.8958 -2.7025 0 25.25 23.6223 186.7077 -4.0929 -1.307 187.4465 -2.6294 0.073151 34.8125 23.4222 10-Dec-2019 15:38:35
188.9232 -2.7867 0 187.895 -2.7034 0 25.25 23.6223 186.7128 -4.0878 -1.3011 187.4516 -2.6243 0.079102 34.75 23.4313 10-Dec-2019 15:38:41
188.923 -2.7868 0 187.8948 -2.7035 0 25.25 23.6223 186.7206 -4.08 -1.2932 187.4479 -2.628 0.075531 34.75 23.4313 10-Dec-2019 15:38:47
188.9239 -2.786 0 187.8957 -2.7027 0 25.25 23.6223 186.7257 -4.0749 -1.2889 187.4531 -2.6229 0.079819 34.75 23.4313 10-Dec-2019 15:38:54
188.9244 -2.7855 0 187.8962 -2.7022 0 25.25 23.6223 186.7315 -4.0691 -1.2836 187.4474 -2.6286 0.073593 34.6875 23.4222 10-Dec-2019 15:39:00
188.9249 -2.785 0 187.8967 -2.7016 0 25.25 23.6223 186.7366 -4.0639 -1.279 187.4502 -2.6257 0.075928 34.6875 23.4222 10-Dec-2019 15:39:06
188.9227 -2.7871 0 187.8945 -2.7038 0 25.25 23.6223 186.7399 -4.0607 -1.2735 187.4444 -2.6315 0.072296 34.625 23.4222 10-Dec-2019 15:39:12
188.9247 -2.7852 0 187.8965 -2.7019 0 25.25 23.6223 186.7478 -4.0528 -1.2676 187.4408 -2.6351 0.066803 34.5625 23.4313 10-Dec-2019 15:39:18
188.9258 -2.7841 0 187.8976 -2.7007 0 25.25 23.6223 186.7524 -4.0482 -1.2642 187.4454 -2.6305 0.070236 34.5625 23.4222 10-Dec-2019 15:39:24
188.9226 -2.7873 0 187.8882 -2.7102 0 25.25 23.6223 186.7542 -4.0464 -1.2591 187.4473 -2.6287 0.081512 34.5625 23.4222 10-Dec-2019 15:39:30
188.9212 -2.7887 0 187.893 -2.7054 0 25.25 23.6223 186.7641 -4.0365 -1.2478 187.4458 -2.6301 0.075256 34.5 23.4222 10-Dec-2019 15:39:36
188.9249 -2.785 0 187.8967 -2.7017 0 25.25 23.6223 186.769 -4.0316 -1.2466 187.4507 -2.6253 0.076431 34.5 23.4222 10-Dec-2019 15:39:42
188.9222 -2.7877 0 187.894 -2.7044 0 25.25 23.6223 186.7732 -4.0274 -1.2397 187.4435 -2.6324 0.071945 34.4375 23.4222 10-Dec-2019 15:39:48
188.9217 -2.7882 0 187.8935 -2.7049 0 25.25 23.6223 186.7793 -4.0213 -1.2331 187.4497 -2.6263 0.078613 34.4375 23.4222 10-Dec-2019 15:39:55
188.9234 -2.7865 0 187.8952 -2.7031 0 25.25 23.6223 186.7912 -4.0094 -1.223 187.4502 -2.6257 0.077393 34.375 23.4313 10-Dec-2019 15:40:01
188.9204 -2.7894 0 187.8922 -2.7061 0 25.25 23.6223 186.7896 -4.011 -1.2215 187.4486 -2.6273 0.078827 34.375 23.4222 10-Dec-2019 15:40:07
188.9221 -2.7878 0 187.8939 -2.7045 0 25.25 23.6223 186.7944 -4.0061 -1.2183 187.4422 -2.6338 0.070709 34.3125 23.4313 10-Dec-2019 15:40:13
188.9236 -2.7863 0 187.8954 -2.703 0 25.25 23.6223 186.7987 -4.0019 -1.2156 187.4465 -2.6295 0.073502 34.3125 23.4222 10-Dec-2019 15:40:19
188.9234 -2.7865 0 187.8952 -2.7031 0 25.25 23.6223 186.8032 -3.9974 -1.211 187.4396 -2.6363 0.066818 34.25 23.4313 10-Dec-2019 15:40:25
188.922 -2.7879 0 187.894 -2.7043 0 25.25 23.6223 186.8067 -3.9939 -1.206 187.4432 -2.6328 0.071564 34.25 23.4313 10-Dec-2019 15:40:31
188.9238 -2.7861 0 187.8956 -2.7028 0 25.25 23.6223 186.8113 -3.9893 -1.2031 187.4478 -2.6282 0.074646 34.25 23.4313 10-Dec-2019 15:40:37
188.9216 -2.7883 0 187.8934 -2.705 0 25.25 23.6223 186.8147 -3.9859 -1.1976 187.4399 -2.636 0.06897 34.1875 23.4313 10-Dec-2019 15:40:43
188.925 -2.7849 0 187.8968 -2.7015 0 25.25 23.6223 186.8224 -3.9781 -1.1933 187.4477 -2.6283 0.073273 34.1875 23.4222 10-Dec-2019 15:40:50
188.9233 -2.7866 0 187.8951 -2.7033 0 25.25 23.6223 186.8239 -3.9767 -1.1901 187.4379 -2.638 0.065277 34.125 23.4313 10-Dec-2019 15:40:56
188.9227 -2.7872 0 187.8945 -2.7039 0 25.25 23.6223 186.828 -3.9725 -1.1854 187.4309 -2.6451 0.058777 34.0625 23.4313 10-Dec-2019 15:41:02
188.9238 -2.7861 0 187.8894 -2.709 0 25.1875 23.6223 186.8326 -3.968 -1.1819 187.4354 -2.6405 0.068405 34.0625 23.4313 10-Dec-2019 15:41:08
188.9223 -2.7875 0 187.8941 -2.7042 0 25.25 23.6223 186.8374 -3.9632 -1.1756 187.4402 -2.6357 0.068512 34.0625 23.4313 10-Dec-2019 15:41:14
188.9232 -2.7867 0 187.895 -2.7034 0 25.25 23.6223 186.8427 -3.9579 -1.1712 187.4455 -2.6304 0.072937 34.0625 23.4313 10-Dec-2019 15:41:20
188.9236 -2.7863 0 187.8954 -2.703 0 25.25 23.6223 186.8456 -3.955 -1.1687 187.4373 -2.6387 0.064316 34 23.4313 10-Dec-2019 15:41:26
188.9238 -2.786 0 187.8956 -2.7027 0 25.25 23.6223 186.8519 -3.9486 -1.1626 187.4436 -2.6323 0.070404 33.9375 23.4313 10-Dec-2019 15:41:32
188.92 -2.7899 0 187.8918 -2.7065 0 25.25 23.6223 186.8548 -3.9458 -1.1559 187.4353 -2.6406 0.065933 33.9375 23.4313 10-Dec-2019 15:41:38
188.9221 -2.7878 0 187.8939 -2.7045 0 25.25 23.6223 186.8609 -3.9397 -1.1519 187.4414 -2.6345 0.069946 33.9375 23.4313 10-Dec-2019 15:41:44
188.9212 -2.7887 0 187.893 -2.7053 0 25.25 23.6223 186.8622 -3.9384 -1.1497 187.4316 -2.6443 0.06102 33.875 23.4313 10-Dec-2019 15:41:51
188.9218 -2.7881 0 187.8936 -2.7048 0 25.25 23.6223 186.8675 -3.9331 -1.145 187.4369 -2.639 0.06575 33.875 23.4222 10-Dec-2019 15:41:57
188.921 -2.7889 0 187.8928 -2.7056 0 25.25 23.6223 186.8701 -3.9305 -1.1416 187.4285 -2.6474 0.058136 33.8125 23.4313 10-Dec-2019 15:42:03
188.9211 -2.7888 0 187.8929 -2.7055 0 25.25 23.6223 186.8752 -3.9254 -1.1366 187.4336 -2.6424 0.063095 33.8125 23.4313 10-Dec-2019 15:42:09
188.9196 -2.7903 0 187.8914 -2.7069 0 25.25 23.6314 186.8792 -3.9214 -1.1312 187.4375 -2.6384 0.068527 33.8125 23.4313 10-Dec-2019 15:42:15
188.9206 -2.7892 0 187.8924 -2.7059 0 25.25 23.6223 186.8835 -3.9171 -1.1279 187.4308 -2.6451 0.060822 33.75 23.4313 10-Dec-2019 15:42:21
188.9224 -2.7875 0 187.8942 -2.7042 0 25.25 23.6223 186.8888 -3.9118 -1.1243 187.4348 -2.6412 0.063019 33.75 23.4313 10-Dec-2019 15:42:27
188.9238 -2.7861 0 187.8956 -2.7028 0 25.25 23.6223 186.8943 -3.9063 -1.1202 187.4306 -2.6453 0.057495 33.6875 23.4313 10-Dec-2019 15:42:33
188.9201 -2.7898 0 187.8919 -2.7065 0 25.25 23.6223 186.8984 -3.9022 -1.1124 187.4348 -2.6412 0.065308 33.6875 23.4313 10-Dec-2019 15:42:39
188.9219 -2.788 0 187.8875 -2.7109 0 25.25 23.6223 186.9008 -3.8998 -1.1118 187.4261 -2.6498 0.061035 33.625 23.4313 10-Dec-2019 15:42:45
188.9216 -2.7883 0 187.8934 -2.7049 0 25.1875 23.6223 186.9063 -3.8943 -1.106 187.4317 -2.6443 0.060669 33.625 23.4313 10-Dec-2019 15:42:52
188.9208 -2.7891 0 187.8926 -2.7058 0 25.1875 23.6223 186.9083 -3.8923 -1.1032 187.4227 -2.6533 0.052536 33.5625 23.4313 10-Dec-2019 15:42:58
188.9217 -2.7882 0 187.8935 -2.7048 0 25.25 23.6223 186.9127 -3.8878 -1.0997 187.4271 -2.6488 0.056046 33.5625 23.4313 10-Dec-2019 15:43:04
188.9212 -2.7887 0 187.893 -2.7054 0 25.1875 23.6223 186.9178 -3.8828 -1.0941 187.4322 -2.6438 0.061646 33.5625 23.4313 10-Dec-2019 15:43:10
188.9236 -2.7863 0 187.8892 -2.7092 0 25.25 23.6223 186.9247 -3.8759 -1.0896 187.4391 -2.6369 0.072311 33.5625 23.4313 10-Dec-2019 15:43:16
188.9206 -2.7893 0 187.8924 -2.7059 0 25.1875 23.6223 186.9251 -3.8755 -1.0863 187.4285 -2.6474 0.058548 33.5 23.4313 10-Dec-2019 15:43:22
188.9235 -2.7864 0 187.8891 -2.7093 0 25.1875 23.6314 186.9298 -3.8708 -1.0844 187.4224 -2.6535 0.055725 33.4375 23.4313 10-Dec-2019 15:43:28
188.9218 -2.7881 0 187.8874 -2.711 0 25.1875 23.6223 186.9359 -3.8647 -1.0766 187.4285 -2.6474 0.063522 33.4375 23.4313 10-Dec-2019 15:43:34
188.9227 -2.7872 0 187.8883 -2.7101 0 25.1875 23.6223 186.9396 -3.861 -1.0737 187.4322 -2.6437 0.066391 33.4375 23.4313 10-Dec-2019 15:43:40
188.921 -2.7889 0 187.8928 -2.7056 0 25.25 23.6223 186.9424 -3.8582 -1.0693 187.4241 -2.6518 0.053787 33.375 23.4222 10-Dec-2019 15:43:47
188.9247 -2.7852 0 187.8903 -2.7081 0 25.1875 23.6223 186.9474 -3.8532 -1.068 187.4291 -2.6468 0.061234 33.375 23.4313 10-Dec-2019 15:43:53
188.9224 -2.7875 0 187.8942 -2.7042 0 25.25 23.6223 186.9495 -3.8511 -1.0636 187.4203 -2.6556 0.048615 33.3125 23.4313 10-Dec-2019 15:43:59
188.9238 -2.7861 0 187.8894 -2.709 0 25.1875 23.6223 186.956 -3.8445 -1.0584 187.4269 -2.649 0.059967 33.3125 23.4222 10-Dec-2019 15:44:05
188.9243 -2.7856 0 187.8899 -2.7085 0 25.1875 23.6223 186.958 -3.8426 -1.057 187.4181 -2.6578 0.050629 33.25 23.4313 10-Dec-2019 15:44:11
188.9232 -2.7867 0 187.895 -2.7034 0 25.25 23.6223 186.9617 -3.8389 -1.0522 187.4218 -2.6542 0.04924 33.25 23.4404 10-Dec-2019 15:44:17
188.923 -2.7869 0 187.8886 -2.7098 0 25.1875 23.6223 186.9642 -3.8364 -1.0495 187.4243 -2.6517 0.058136 33.25 23.4404 10-Dec-2019 15:44:23
188.9238 -2.786 0 187.8956 -2.7027 0 25.25 23.6223 186.9702 -3.8304 -1.0443 187.4195 -2.6564 0.046326 33.1875 23.4313 10-Dec-2019 15:44:29
188.9252 -2.7847 0 187.8908 -2.7075 0 25.1875 23.6223 186.9754 -3.8252 -1.0405 187.4247 -2.6512 0.05629 33.1875 23.4404 10-Dec-2019 15:44:35
188.9232 -2.7867 0 187.8888 -2.7096 0 25.1875 23.6132 186.9761 -3.8244 -1.0378 187.4147 -2.6613 0.048309 33.1875 23.4313 10-Dec-2019 15:44:41
188.9249 -2.785 0 187.8905 -2.7079 0 25.1875 23.6223 186.9783 -3.8223 -1.0373 187.4169 -2.6591 0.048782 33.125 23.4313 10-Dec-2019 15:44:48
188.9249 -2.7849 0 187.8905 -2.7078 0 25.1875 23.6223 186.986 -3.8146 -1.0296 187.4246 -2.6514 0.056442 33.125 23.4404 10-Dec-2019 15:44:54
188.924 -2.7859 0 187.8896 -2.7088 0 25.1875 23.6223 186.9884 -3.8122 -1.0263 187.4162 -2.6597 0.049057 33.0625 23.4313 10-Dec-2019 15:45:00
188.9237 -2.7862 0 187.8955 -2.7029 0 25.25 23.6223 186.9941 -3.8065 -1.0203 187.422 -2.654 0.048874 33.0625 23.4404 10-Dec-2019 15:45:06
188.9245 -2.7854 0 187.8901 -2.7083 0 25.1875 23.6223 186.9967 -3.8039 -1.0185 187.4246 -2.6514 0.05687 33 23.4313 10-Dec-2019 15:45:12
188.9247 -2.7852 0 187.8903 -2.7081 0 25.1875 23.6223 187.0009 -3.7996 -1.0145 187.4181 -2.6578 0.050232 33 23.4404 10-Dec-2019 15:45:18
188.9241 -2.7858 0 187.8897 -2.7087 0 25.1875 23.6223 187.0055 -3.7951 -1.0093 187.4227 -2.6533 0.055374 33 23.4404 10-Dec-2019 15:45:24
188.9241 -2.7857 0 187.8898 -2.7086 0 25.1875 23.6223 187.0054 -3.7952 -1.0094 187.4226 -2.6534 0.055237 32.9375 23.4404 10-Dec-2019 15:45:30
188.9231 -2.7868 0 187.8887 -2.7097 0 25.1875 23.6223 187.0092 -3.7914 -1.0046 187.4157 -2.6602 0.049423 32.9375 23.4404 10-Dec-2019 15:45:36
188.9225 -2.7874 0 187.8881 -2.7103 0 25.1875 23.6223 187.0148 -3.7858 -0.99835 187.4213 -2.6546 0.055679 32.875 23.4404 10-Dec-2019 15:45:42
188.9218 -2.7881 0 187.8874 -2.711 0 25.1875 23.6223 187.0203 -3.7803 -0.99217 187.415 -2.6609 0.050095 32.875 23.4404 10-Dec-2019 15:45:49
188.9225 -2.7874 0 187.8881 -2.7103 0 25.1875 23.6223 187.0216 -3.779 -0.99158 187.4175 -2.6585 0.051834 32.875 23.4313 10-Dec-2019 15:45:55
188.9208 -2.7891 0 187.8864 -2.712 0 25.1875 23.6223 187.0257 -3.7749 -0.98576 187.411 -2.665 0.047043 32.8125 23.4404 10-Dec-2019 15:46:01
188.923 -2.7868 0 187.8886 -2.7097 0 25.1875 23.6223 187.0296 -3.771 -0.98412 187.4149 -2.661 0.048691 32.8125 23.4404 10-Dec-2019 15:46:07
188.9228 -2.7871 0 187.8884 -2.71 0 25.1875 23.6223 187.0344 -3.7662 -0.97913 187.4197 -2.6563 0.05368 32.8125 23.4404 10-Dec-2019 15:46:13
188.9227 -2.7872 0 187.8883 -2.71 0 25.1875 23.6223 187.0357 -3.7649 -0.97775 187.4104 -2.6655 0.044495 32.75 23.4404 10-Dec-2019 15:46:19
188.9214 -2.7885 0 187.8932 -2.7052 0 25.1875 23.6223 187.0432 -3.7574 -0.9689 187.4179 -2.6581 0.04715 32.75 23.4404 10-Dec-2019 15:46:25
188.9236 -2.7863 0 187.8892 -2.7092 0 25.25 23.6223 187.0434 -3.7572 -0.97087 187.4076 -2.6684 0.040833 32.6875 23.4495 10-Dec-2019 15:46:31
188.9227 -2.7872 0 187.8883 -2.7101 0 25.1875 23.6314 187.0494 -3.7512 -0.96399 187.4136 -2.6623 0.047714 32.6875 23.4495 10-Dec-2019 15:46:37
188.9202 -2.7897 0 187.8858 -2.7126 0 25.1875 23.6223 187.0535 -3.7471 -0.9574 187.4177 -2.6583 0.054321 32.6875 23.4404 10-Dec-2019 15:46:44
188.9205 -2.7894 0 187.8861 -2.7123 0 25.1875 23.6223 187.0532 -3.7474 -0.95802 187.4174 -2.6586 0.053696 32.6875 23.4404 10-Dec-2019 15:46:50
188.9204 -2.7895 0 187.886 -2.7124 0 25.1875 23.6223 187.0584 -3.7422 -0.9527 187.4121 -2.6639 0.048508 32.625 23.4404 10-Dec-2019 15:46:56
188.9212 -2.7887 0 187.8868 -2.7116 0 25.1875 23.6223 187.0629 -3.7377 -0.94899 187.4166 -2.6594 0.052216 32.625 23.4495 10-Dec-2019 15:47:02
188.9207 -2.7892 0 187.8863 -2.7121 0 25.1875 23.6223 187.0643 -3.7363 -0.94714 187.4179 -2.658 0.054062 32.625 23.4404 10-Dec-2019 15:47:08
188.9221 -2.7878 0 187.8877 -2.7106 0 25.1875 23.6223 187.0679 -3.7327 -0.94495 187.4111 -2.6648 0.045792 32.5625 23.4495 10-Dec-2019 15:47:14
188.9169 -2.793 0 187.8825 -2.7159 0 25.1875 23.6223 187.0687 -3.7318 -0.93886 187.412 -2.664 0.05188 32.5625 23.4404 10-Dec-2019 15:47:20
188.9176 -2.7923 0 187.8832 -2.7152 0 25.1875 23.6223 187.0707 -3.7299 -0.93759 187.4139 -2.662 0.053146 32.5625 23.4404 10-Dec-2019 15:47:26
188.916 -2.7939 0 187.8878 -2.7106 0 25.25 23.6223 187.073 -3.7276 -0.93367 187.4058 -2.6702 0.040421 32.5 23.4404 10-Dec-2019 15:47:32
188.9176 -2.7923 0 187.8832 -2.7152 0 25.1875 23.6223 187.0779 -3.7226 -0.93033 187.4107 -2.6652 0.049957 32.5 23.4404 10-Dec-2019 15:47:38
188.9164 -2.7935 0 187.882 -2.7164 0 25.1875 23.6223 187.0795 -3.7211 -0.92763 187.4018 -2.6741 0.042236 32.4375 23.4404 10-Dec-2019 15:47:45
188.9177 -2.7922 0 187.8833 -2.715 0 25.1875 23.6223 187.0816 -3.719 -0.92682 187.4039 -2.672 0.043045 32.4375 23.4404 10-Dec-2019 15:47:51
188.9171 -2.7928 0 187.8827 -2.7157 0 25.1875 23.6223 187.0867 -3.7139 -0.9211 187.3987 -2.6773 0.038391 32.375 23.4404 10-Dec-2019 15:47:57
188.9164 -2.7935 0 187.882 -2.7164 0 25.1875 23.6132 187.0909 -3.7097 -0.91623 187.4028 -2.6731 0.043259 32.375 23.4404 10-Dec-2019 15:48:03
188.9166 -2.7933 0 187.8822 -2.7162 0 25.1875 23.6223 187.0943 -3.7063 -0.91304 187.4062 -2.6697 0.046448 32.375 23.4404 10-Dec-2019 15:48:09
188.9162 -2.7937 0 187.8818 -2.7165 0 25.1875 23.6223 187.0957 -3.7049 -0.91124 187.4077 -2.6683 0.048248 32.3125 23.4404 10-Dec-2019 15:48:15
188.9129 -2.797 0 187.8785 -2.7199 0 25.1875 23.6223 187.0955 -3.7051 -0.90808 187.3971 -2.6788 0.041046 32.3125 23.4404 10-Dec-2019 15:48:21
188.9159 -2.794 0 187.8877 -2.7106 0 25.25 23.6223 187.1033 -3.6973 -0.90337 187.4049 -2.6711 0.039581 32.3125 23.4404 10-Dec-2019 15:48:27
188.9129 -2.797 0 187.8785 -2.7198 0 25.1875 23.6223 187.1055 -3.6951 -0.89812 187.4071 -2.6688 0.051025 32.3125 23.4404 10-Dec-2019 15:48:33
188.9167 -2.7932 0 187.8823 -2.716 0 25.1875 23.6223 187.1109 -3.6897 -0.89651 187.4022 -2.6738 0.042297 32.25 23.4404 10-Dec-2019 15:48:39
188.9128 -2.797 0 187.8784 -2.7199 0 25.1875 23.6223 187.111 -3.6896 -0.89258 187.4023 -2.6737 0.046234 32.25 23.4495 10-Dec-2019 15:48:46
188.9147 -2.7951 0 187.8804 -2.718 0 25.1875 23.6223 187.1144 -3.6862 -0.89102 187.4057 -2.6702 0.047806 32.1875 23.4495 10-Dec-2019 15:48:52
188.9147 -2.7952 0 187.8803 -2.718 0 25.1875 23.6223 187.1212 -3.6794 -0.88419 187.4022 -2.6737 0.044342 32.1875 23.4404 10-Dec-2019 15:48:58
188.9153 -2.7946 0 187.8809 -2.7175 0 25.1875 23.6223 187.1246 -3.6759 -0.88138 187.4056 -2.6703 0.04715 32.1875 23.4495 10-Dec-2019 15:49:04
188.917 -2.7929 0 187.8826 -2.7158 0 25.1875 23.6223 187.1277 -3.6729 -0.87997 187.4077 -2.6683 0.04747 32.125 23.4404 10-Dec-2019 15:49:10
188.9162 -2.7937 0 187.8818 -2.7166 0 25.1875 23.6223 187.1319 -3.6687 -0.87502 187.4026 -2.6733 0.043259 32.125 23.4495 10-Dec-2019 15:49:16
188.9165 -2.7934 0 187.8821 -2.7162 0 25.1875 23.6223 187.1309 -3.6697 -0.87637 187.4016 -2.6743 0.041901 32.125 23.4495 10-Dec-2019 15:49:22
188.918 -2.7919 0 187.8836 -2.7148 0 25.1875 23.6041 187.1373 -3.6633 -0.8714 187.3978 -2.6782 0.036652 32.0625 23.4404 10-Dec-2019 15:49:28
188.9174 -2.7925 0 187.883 -2.7154 0 25.1875 23.6223 187.1398 -3.6608 -0.86827 187.4004 -2.6756 0.03978 32.0625 23.4404 10-Dec-2019 15:49:34
188.9175 -2.7924 0 187.8831 -2.7152 0 25.1875 23.6223 187.1454 -3.6552 -0.86281 187.3957 -2.6802 0.035034 32 23.4404 10-Dec-2019 15:49:41
188.9175 -2.7924 0 187.8831 -2.7152 0 25.1875 23.6223 187.1454 -3.6552 -0.86281 187.3957 -2.6802 0.035034 32 23.4404 10-Dec-2019 15:49:41
188.917 -2.7929 0 187.8826 -2.7158 0 25.1875 23.6223 -3.8845e-29 -0.19066 2.6023 -3.2596e-19 -3.0505 -0.33471 3.9128e-38 -1.4318e-06 10-Dec-2019 15:49:53
188.917 -2.7929 0 187.8826 -2.7158 0 25.1875 23.6223 -3.8845e-29 -0.19066 2.6023 -3.2596e-19 -3.0505 -0.33471 3.9128e-38 -1.4318e-06 10-Dec-2019 15:49:53
188.917 -2.7929 0 187.8826 -2.7158 0 25.1875 23.6223 -3.8845e-29 -0.19066 2.6023 -3.2596e-19 -3.0505 -0.33471 3.9128e-38 -1.4318e-06 10-Dec-2019 15:49:53
188.917 -2.7929 0 187.8826 -2.7158 0 25.1875 23.6223 -3.8845e-29 -0.19066 2.6023 -3.2596e-19 -3.0505 -0.33471 3.9128e-38 -1.4318e-06 10-Dec-2019 15:49:53
