D2BHa D2BHd D2BCJ D2AHa D2AHd D2ACJ D2temp D2Voltage D3BHa D3BHd D3BCJ D3AHa D3AHd D3ACJ D3temp D3Voltage 日期 时间 
189.2431 -2.4667 0 188.1199 -2.4784 0 24.3125 23.6314 188.3789 -2.4216 0.04509 187.6412 -2.4348 0.043655 24.375 23.4859 10-Dec-2019 13:49:17
189.2401 -2.4698 0 188.1169 -2.4815 0 24.25 23.6314 188.3734 -2.4272 0.042557 187.6413 -2.4347 0.046814 24.375 23.4768 10-Dec-2019 13:49:23
189.2459 -2.464 0 188.1227 -2.4757 0 24.25 23.6314 188.3768 -2.4238 0.040207 187.6447 -2.4312 0.044464 24.375 23.4859 10-Dec-2019 13:49:29
189.2415 -2.4684 0 188.1183 -2.4801 0 24.3125 23.6223 188.3735 -2.4271 0.041367 187.6414 -2.4345 0.045624 24.375 23.4859 10-Dec-2019 13:49:36
189.2389 -2.471 0 188.1157 -2.4827 0 24.25 23.6314 188.3747 -2.4258 0.045135 187.6427 -2.4333 0.049393 24.375 23.4859 10-Dec-2019 13:49:42
189.2413 -2.4686 0 188.1181 -2.4803 0 24.25 23.6314 188.3728 -2.4277 0.040848 187.6408 -2.4352 0.045105 24.375 23.4859 10-Dec-2019 13:49:48
189.2411 -2.4688 0 188.1179 -2.4805 0 24.25 23.6223 188.3687 -2.4319 0.03688 187.6366 -2.4393 0.041138 24.375 23.4768 10-Dec-2019 13:49:54
189.2388 -2.4711 0 188.1156 -2.4828 0 24.25 23.6314 188.3737 -2.4269 0.044266 187.6416 -2.4343 0.048523 24.375 23.4859 10-Dec-2019 13:50:00
189.2376 -2.4723 0 188.1144 -2.4839 0 24.25 23.6314 188.376 -2.4246 0.047653 187.6439 -2.432 0.05191 24.375 23.4859 10-Dec-2019 13:50:06
189.2395 -2.4704 0 188.122 -2.4764 0 24.3125 23.6223 188.3766 -2.424 0.046432 187.6446 -2.4314 0.045013 24.375 23.4859 10-Dec-2019 13:50:12
189.2375 -2.4724 0 188.12 -2.4784 0 24.3125 23.6314 188.3708 -2.4298 0.042618 187.6387 -2.4372 0.041199 24.375 23.4859 10-Dec-2019 13:50:18
189.2349 -2.475 0 188.1174 -2.481 0 24.3125 23.6223 188.3842 -2.4163 0.058624 187.6637 -2.4122 0.068741 24.8125 23.4859 10-Dec-2019 13:50:24
189.2323 -2.4776 0 188.1148 -2.4836 0 24.3125 23.6314 188.4402 -2.3604 0.11717 187.8308 -2.2451 0.23849 26 23.4859 10-Dec-2019 13:50:30
189.2345 -2.4754 0 188.1113 -2.487 0 24.25 23.6314 188.5232 -2.2774 0.19795 188.0381 -2.0379 0.44916 27.0625 23.4859 10-Dec-2019 13:50:37
189.2375 -2.4724 0 188.12 -2.4784 0 24.3125 23.6223 188.621 -2.1796 0.2928 188.249 -1.827 0.65144 27.9375 23.4859 10-Dec-2019 13:50:43
189.2354 -2.4745 0 188.1122 -2.4862 0 24.25 23.6314 188.7128 -2.0878 0.38675 188.4373 -1.6386 0.84761 28.6875 23.4768 10-Dec-2019 13:50:49
189.2385 -2.4714 0 188.1153 -2.4831 0 24.25 23.6314 188.7718 -2.0288 0.4426 188.5894 -1.4866 0.99654 29.3125 23.4859 10-Dec-2019 13:50:55
189.2364 -2.4735 0 188.1132 -2.4852 0 24.25 23.6314 188.7965 -2.0041 0.46942 188.6935 -1.3825 1.1027 29.9375 23.4859 10-Dec-2019 13:51:01
189.2369 -2.4729 0 188.1194 -2.479 0 24.3125 23.6223 188.791 -2.0096 0.46332 188.77 -1.306 1.173 30.4375 23.4768 10-Dec-2019 13:51:07
189.2378 -2.472 0 188.1203 -2.4781 0 24.3125 23.6223 188.764 -2.0365 0.4355 188.8279 -1.2481 1.23 31 23.4859 10-Dec-2019 13:51:13
189.2374 -2.4725 0 188.1199 -2.4785 0 24.3125 23.6314 188.717 -2.0836 0.3889 188.8584 -1.2175 1.261 31.5 23.4768 10-Dec-2019 13:51:19
189.2361 -2.4738 0 188.1186 -2.4798 0 24.3125 23.6314 188.6593 -2.1413 0.33246 188.8804 -1.1955 1.2843 31.9375 23.4768 10-Dec-2019 13:51:25
189.2348 -2.4751 0 188.1116 -2.4868 0 24.25 23.6314 188.5936 -2.207 0.26808 188.8861 -1.1898 1.2969 32.375 23.4768 10-Dec-2019 13:51:32
189.2372 -2.4727 0 188.1197 -2.4787 0 24.3125 23.6314 188.5289 -2.2717 0.201 188.8943 -1.1816 1.2971 32.8125 23.4768 10-Dec-2019 13:51:38
189.2327 -2.4771 0 188.1152 -2.4832 0 24.3125 23.6314 188.4567 -2.3439 0.13327 188.8965 -1.1795 1.3037 33.25 23.4768 10-Dec-2019 13:51:44
189.2366 -2.4733 0 188.1134 -2.485 0 24.25 23.6223 188.354 -2.4466 0.026688 188.8914 -1.1846 1.3004 33.625 23.4768 10-Dec-2019 13:51:50
189.2353 -2.4746 0 188.1178 -2.4806 0 24.3125 23.6314 188.2713 -2.5293 -0.054642 188.8642 -1.2118 1.2689 34 23.4768 10-Dec-2019 13:51:56
189.2332 -2.4767 0 188.1157 -2.4827 0 24.25 23.6314 188.2071 -2.5934 -0.11674 188.8673 -1.2086 1.2741 34.375 23.4677 10-Dec-2019 13:52:02
189.2304 -2.4794 0 188.1129 -2.4855 0 24.3125 23.6314 188.1356 -2.665 -0.18552 188.8642 -1.2118 1.2737 34.75 23.4677 10-Dec-2019 13:52:08
189.2335 -2.4764 0 188.1103 -2.4881 0 24.3125 23.6314 188.0723 -2.7283 -0.25195 188.8702 -1.2058 1.2823 35.125 23.4677 10-Dec-2019 13:52:14
189.2324 -2.4775 0 188.1149 -2.4835 0 24.25 23.6314 188.0056 -2.795 -0.3175 188.862 -1.2139 1.2696 35.4375 23.4677 10-Dec-2019 13:52:20
189.2342 -2.4757 0 188.111 -2.4874 0 24.3125 23.6314 187.9384 -2.8622 -0.38649 188.866 -1.21 1.2774 35.8125 23.4677 10-Dec-2019 13:52:26
189.2316 -2.4783 0 188.1141 -2.4843 0 24.3125 23.6314 187.8706 -2.93 -0.45171 188.8581 -1.2178 1.2664 36.125 23.4586 10-Dec-2019 13:52:33
189.2305 -2.4794 0 188.1129 -2.4854 0 24.3125 23.6314 187.8081 -2.9925 -0.51308 188.8562 -1.2197 1.2657 36.4375 23.4677 10-Dec-2019 13:52:39
189.2265 -2.4834 0 188.109 -2.4894 0 24.3125 23.6314 187.747 -3.0536 -0.57019 188.8564 -1.2196 1.2698 36.75 23.4586 10-Dec-2019 13:52:45
189.227 -2.4829 0 188.1095 -2.4889 0 24.3125 23.6314 187.6873 -3.1133 -0.6304 188.8586 -1.2174 1.2715 37.0625 23.4586 10-Dec-2019 13:52:51
189.2252 -2.4847 0 188.1076 -2.4907 0 24.3125 23.6314 187.6274 -3.1732 -0.68848 188.8611 -1.2148 1.2759 37.375 23.4586 10-Dec-2019 13:52:57
189.2252 -2.4846 0 188.1077 -2.4907 0 24.3125 23.6223 187.5723 -3.2283 -0.74367 188.8564 -1.2195 1.2711 37.625 23.4495 10-Dec-2019 13:53:03
189.2298 -2.4801 0 188.1122 -2.4861 0 24.3125 23.6223 187.513 -3.2875 -0.8074 188.8607 -1.2152 1.2709 37.9375 23.4495 10-Dec-2019 13:53:09
189.2222 -2.4877 0 188.1047 -2.4937 0 24.3125 23.6314 187.4545 -3.346 -0.85838 188.8535 -1.2225 1.2712 38.1875 23.4495 10-Dec-2019 13:53:15
189.2202 -2.4897 0 188.1027 -2.4957 0 24.3125 23.6223 187.3976 -3.403 -0.91327 188.8611 -1.2148 1.2809 38.5 23.4495 10-Dec-2019 13:53:21
189.2196 -2.4903 0 188.102 -2.4963 0 24.3125 23.6314 187.343 -3.4576 -0.96725 188.8586 -1.2174 1.279 38.75 23.4404 10-Dec-2019 13:53:27
189.2183 -2.4916 0 188.0951 -2.5033 0 24.25 23.6314 187.2868 -3.5137 -1.0222 188.8548 -1.2211 1.2821 39 23.4495 10-Dec-2019 13:53:34
189.2155 -2.4944 0 188.098 -2.5004 0 24.3125 23.6314 187.2333 -3.5673 -1.0729 188.8541 -1.2219 1.2785 39.25 23.4495 10-Dec-2019 13:53:40
189.2151 -2.4948 0 188.0975 -2.5008 0 24.3125 23.6314 187.181 -3.6196 -1.1248 188.8549 -1.2211 1.2797 39.5 23.4404 10-Dec-2019 13:53:46
189.2118 -2.4981 0 188.0943 -2.5041 0 24.3125 23.6223 187.1273 -3.6732 -1.1752 188.8546 -1.2213 1.2828 39.75 23.4495 10-Dec-2019 13:53:52
189.2095 -2.5004 0 188.0919 -2.5064 0 24.3125 23.6314 187.0739 -3.7267 -1.2262 188.855 -1.221 1.2855 40 23.4404 10-Dec-2019 13:53:58
189.2115 -2.4983 0 188.094 -2.5043 0 24.3125 23.6223 187.0255 -3.7751 -1.2768 188.8471 -1.2289 1.2755 40.25 23.4313 10-Dec-2019 13:54:04
189.207 -2.5029 0 188.0894 -2.5089 0 24.3125 23.6314 186.9751 -3.8255 -1.3226 188.8374 -1.2386 1.2704 40.4375 23.4313 10-Dec-2019 13:54:10
189.2059 -2.504 0 188.0884 -2.51 0 24.3125 23.6314 186.9229 -3.8777 -1.3737 188.8398 -1.2362 1.2738 40.6875 23.4313 10-Dec-2019 13:54:16
189.2024 -2.5075 0 188.0849 -2.5135 0 24.3125 23.6314 186.8765 -3.9241 -1.4166 188.8482 -1.2277 1.2858 40.9375 23.4313 10-Dec-2019 13:54:22
189.2043 -2.5056 0 188.0868 -2.5116 0 24.3125 23.6314 186.8254 -3.9752 -1.4696 188.8385 -1.2374 1.2742 41.125 23.4313 10-Dec-2019 13:54:29
189.2045 -2.5053 0 188.087 -2.5114 0 24.3125 23.6223 186.7753 -4.0253 -1.5199 188.8438 -1.2321 1.2792 41.375 23.4313 10-Dec-2019 13:54:35
189.2065 -2.5034 0 188.089 -2.5094 0 24.3125 23.6223 186.7353 -4.0653 -1.5619 188.8455 -1.2304 1.279 41.5625 23.4313 10-Dec-2019 13:54:41
189.2025 -2.5073 0 188.085 -2.5134 0 24.3125 23.6223 186.6772 -4.1234 -1.6161 188.8433 -1.2326 1.2807 41.8125 23.4313 10-Dec-2019 13:54:47
189.2011 -2.5088 0 188.0836 -2.5148 0 24.3125 23.6314 186.6358 -4.1648 -1.656 188.8441 -1.2319 1.2829 42 23.4313 10-Dec-2019 13:54:53
189.2019 -2.508 0 188.0844 -2.514 0 24.3125 23.6314 186.5898 -4.2108 -1.7028 188.8404 -1.2356 1.2784 42.1875 23.4222 10-Dec-2019 13:54:59
189.1998 -2.5101 0 188.0822 -2.5161 0 24.3125 23.6314 186.5418 -4.2588 -1.7487 188.8347 -1.2412 1.2749 42.4375 23.4222 10-Dec-2019 13:55:05
189.2006 -2.5093 0 188.0831 -2.5153 0 24.3125 23.6314 186.4747 -4.3259 -1.8166 188.8354 -1.2405 1.2748 42.625 23.4222 10-Dec-2019 13:55:11
189.1949 -2.515 0 188.0774 -2.521 0 24.3125 23.6223 186.4312 -4.3693 -1.8544 188.8381 -1.2378 1.2832 42.8125 23.4222 10-Dec-2019 13:55:17
189.1884 -2.5215 0 188.0708 -2.5275 0 24.3125 23.6314 186.3815 -4.4191 -1.8976 188.817 -1.259 1.2685 42.9375 23.4222 10-Dec-2019 13:55:23
189.1942 -2.5157 0 188.0766 -2.5217 0 24.3125 23.6314 186.3341 -4.4665 -1.9507 188.8127 -1.2633 1.2585 43.125 23.4131 10-Dec-2019 13:55:30
189.1911 -2.5188 0 188.0735 -2.5248 0 24.3125 23.6314 186.2937 -4.5069 -1.9881 188.8154 -1.2605 1.2643 43.3125 23.4222 10-Dec-2019 13:55:36
189.1908 -2.5191 0 188.0732 -2.5251 0 24.3125 23.6314 186.2535 -4.5471 -2.0279 188.8187 -1.2573 1.2679 43.5 23.4222 10-Dec-2019 13:55:42
189.1929 -2.517 0 188.0754 -2.523 0 24.3125 23.6314 186.2075 -4.5931 -2.0761 188.8161 -1.2598 1.2632 43.6875 23.4222 10-Dec-2019 13:55:48
189.1876 -2.5222 0 188.0701 -2.5283 0 24.3125 23.6223 186.1696 -4.631 -2.1087 188.8219 -1.2541 1.2742 43.875 23.4131 10-Dec-2019 13:55:54
189.1898 -2.5201 0 188.0723 -2.5261 0 24.3125 23.6314 186.13 -4.6705 -2.1505 188.8261 -1.2499 1.2762 44.0625 23.4131 10-Dec-2019 13:56:00
189.1898 -2.5201 0 188.0723 -2.5261 0 24.3125 23.6314 186.0899 -4.7107 -2.1906 188.8152 -1.2608 1.2653 44.1875 23.4131 10-Dec-2019 13:56:06
189.1868 -2.523 0 188.0693 -2.5291 0 24.3125 23.6314 186.0486 -4.752 -2.229 188.8178 -1.2581 1.2709 44.375 23.4131 10-Dec-2019 13:56:12
189.1848 -2.5251 0 188.0672 -2.5311 0 24.3125 23.6223 186.0041 -4.7965 -2.2714 188.8174 -1.2585 1.2726 44.5625 23.4041 10-Dec-2019 13:56:18
189.1843 -2.5255 0 188.0668 -2.5316 0 24.3125 23.6314 185.9688 -4.8318 -2.3063 188.8116 -1.2644 1.2672 44.6875 23.4041 10-Dec-2019 13:56:24
189.1826 -2.5273 0 188.0697 -2.5286 0 24.3125 23.6314 185.9325 -4.8681 -2.3408 188.8196 -1.2563 1.2723 44.875 23.395 10-Dec-2019 13:56:31
189.1838 -2.5261 0 188.0663 -2.5321 0 24.3125 23.6314 185.8995 -4.901 -2.375 188.8311 -1.2449 1.2872 45.0625 23.395 10-Dec-2019 13:56:37
189.1869 -2.523 0 188.0693 -2.529 0 24.3125 23.6314 185.8598 -4.9407 -2.4177 188.8211 -1.2549 1.2742 45.1875 23.395 10-Dec-2019 13:56:43
189.182 -2.5279 0 188.0645 -2.5339 0 24.3125 23.6314 185.8238 -4.9768 -2.4489 188.8147 -1.2612 1.2727 45.3125 23.395 10-Dec-2019 13:56:49
189.1815 -2.5283 0 188.064 -2.5343 0 24.3125 23.6223 185.7899 -5.0107 -2.4823 188.8256 -1.2504 1.284 45.5 23.395 10-Dec-2019 13:56:55
189.1795 -2.5304 0 188.0619 -2.5364 0 24.3125 23.6314 185.7544 -5.0462 -2.5158 188.8199 -1.256 1.2804 45.625 23.395 10-Dec-2019 13:57:01
189.1811 -2.5287 0 188.0636 -2.5348 0 24.3125 23.6223 185.7213 -5.0793 -2.5505 188.8317 -1.2442 1.2905 45.8125 23.395 10-Dec-2019 13:57:07
189.1796 -2.5303 0 188.0621 -2.5363 0 24.3125 23.6223 185.6898 -5.1108 -2.5805 188.8302 -1.2458 1.2905 45.9375 23.3859 10-Dec-2019 13:57:13
189.176 -2.5339 0 188.0585 -2.5399 0 24.3125 23.6314 185.6526 -5.148 -2.6141 188.823 -1.2529 1.2869 46.0625 23.395 10-Dec-2019 13:57:19
189.1749 -2.535 0 188.0574 -2.541 0 24.3125 23.6314 185.6182 -5.1824 -2.6474 188.8186 -1.2573 1.2837 46.25 23.3859 10-Dec-2019 13:57:26
189.1757 -2.5342 0 188.0582 -2.5402 0 24.3125 23.6223 185.5853 -5.2152 -2.6811 188.8159 -1.26 1.2802 46.375 23.3859 10-Dec-2019 13:57:32
189.1749 -2.535 0 188.0574 -2.541 0 24.3125 23.6314 185.5509 -5.2497 -2.7147 188.8268 -1.2492 1.2918 46.5 23.3859 10-Dec-2019 13:57:38
189.1707 -2.5392 0 188.0532 -2.5452 0 24.3125 23.6223 185.5198 -5.2808 -2.7416 188.8259 -1.2501 1.2951 46.625 23.3859 10-Dec-2019 13:57:44
189.17 -2.5398 0 188.0525 -2.5459 0 24.3125 23.6314 185.4859 -5.3147 -2.7748 188.8223 -1.2537 1.2922 46.75 23.3859 10-Dec-2019 13:57:50
189.1682 -2.5417 0 188.0507 -2.5477 0 24.3125 23.6223 185.4512 -5.3493 -2.8076 188.8179 -1.258 1.2897 46.9375 23.3859 10-Dec-2019 13:57:56
189.1705 -2.5394 0 188.053 -2.5454 0 24.3125 23.6314 185.4205 -5.3801 -2.8407 188.8175 -1.2585 1.2869 47 23.3859 10-Dec-2019 13:58:02
189.165 -2.5448 0 188.0475 -2.5509 0 24.3125 23.6314 185.386 -5.4146 -2.8698 188.8134 -1.2626 1.2883 47.1875 23.3859 10-Dec-2019 13:58:08
189.1695 -2.5404 0 188.052 -2.5464 0 24.3125 23.6314 185.3571 -5.4435 -2.9031 188.815 -1.2609 1.2854 47.3125 23.3768 10-Dec-2019 13:58:14
189.1699 -2.5399 0 188.0524 -2.546 0 24.3125 23.6314 185.3246 -5.476 -2.9361 188.8129 -1.263 1.2829 47.375 23.3768 10-Dec-2019 13:58:20
189.1671 -2.5428 0 188.0495 -2.5488 0 24.3125 23.6314 185.2921 -5.5085 -2.9657 188.8109 -1.265 1.2838 47.5625 23.3768 10-Dec-2019 13:58:27
189.1644 -2.5455 0 188.0469 -2.5515 0 24.3125 23.6314 185.2516 -5.549 -3.0035 188.8104 -1.2655 1.286 47.625 23.3768 10-Dec-2019 13:58:33
189.1628 -2.5471 0 188.0453 -2.5531 0 24.3125 23.6314 185.2221 -5.5785 -3.0314 188.8174 -1.2585 1.2946 47.8125 23.3768 10-Dec-2019 13:58:39
189.1615 -2.5483 0 188.044 -2.5544 0 24.3125 23.6223 185.1924 -5.6082 -3.0599 188.8183 -1.2576 1.2967 47.9375 23.3768 10-Dec-2019 13:58:45
189.1583 -2.5516 0 188.0408 -2.5576 0 24.3125 23.6314 185.1652 -5.6354 -3.0838 188.8372 -1.2387 1.3188 48.125 23.3768 10-Dec-2019 13:58:51
189.1583 -2.5516 0 188.0408 -2.5576 0 24.3125 23.6314 185.1718 -5.6288 -3.0772 188.89 -1.186 1.3716 48.3125 23.3768 10-Dec-2019 13:58:57
189.1581 -2.5518 0 188.0406 -2.5578 0 24.3125 23.6223 185.1134 -5.6872 -3.1354 188.8777 -1.1982 1.3596 48.5 23.3768 10-Dec-2019 13:59:03
189.1525 -2.5574 0 188.035 -2.5634 0 24.3125 23.6314 185.0907 -5.7099 -3.1525 188.8859 -1.1901 1.3733 48.625 23.3768 10-Dec-2019 13:59:09
189.1506 -2.5593 0 188.0331 -2.5653 0 24.375 23.6314 185.0641 -5.7365 -3.1772 188.9055 -1.1704 1.3949 48.8125 23.3677 10-Dec-2019 13:59:15
189.1481 -2.5617 0 188.0306 -2.5677 0 24.3125 23.6314 185.0401 -5.7605 -3.1988 188.9125 -1.1635 1.4043 48.9375 23.3677 10-Dec-2019 13:59:21
189.152 -2.5579 0 188.0402 -2.5582 0 24.3125 23.6314 185.0075 -5.7931 -3.2352 188.9108 -1.1651 1.3931 49.0625 23.3677 10-Dec-2019 13:59:28
189.1494 -2.5605 0 188.0318 -2.5665 0 24.3125 23.6314 184.9826 -5.818 -3.2575 188.9324 -1.1435 1.423 49.25 23.3586 10-Dec-2019 13:59:34
189.1441 -2.5658 0 188.0266 -2.5718 0 24.3125 23.6314 184.9635 -5.8371 -3.2713 188.9443 -1.1316 1.4402 49.375 23.3586 10-Dec-2019 13:59:40
189.1493 -2.5606 0 188.0375 -2.5609 0 24.375 23.6314 184.9061 -5.8945 -3.3339 188.918 -1.158 1.4029 49.5 23.3586 10-Dec-2019 13:59:46
189.1457 -2.5642 0 188.031 -2.5674 0 24.3125 23.6314 184.8781 -5.9225 -3.3583 188.921 -1.155 1.4124 49.625 23.3586 10-Dec-2019 13:59:52
189.142 -2.5679 0 188.0302 -2.5681 0 24.375 23.6314 184.8461 -5.9545 -3.3866 188.9201 -1.1558 1.4123 49.75 23.3586 10-Dec-2019 13:59:58
189.1428 -2.5671 0 188.031 -2.5674 0 24.375 23.6314 184.8171 -5.9835 -3.4164 188.9378 -1.1381 1.4292 49.9375 23.3586 10-Dec-2019 14:00:04
189.1399 -2.57 0 188.0281 -2.5703 0 24.375 23.6314 184.7764 -6.0242 -3.4542 188.9127 -1.1633 1.407 50 23.3586 10-Dec-2019 14:00:10
189.1353 -2.5746 0 188.0235 -2.5748 0 24.375 23.6314 184.7437 -6.0569 -3.4823 188.9112 -1.1648 1.4101 50.125 23.3495 10-Dec-2019 14:00:16
189.1357 -2.5742 0 188.0238 -2.5745 0 24.375 23.6314 184.7144 -6.0862 -3.5119 188.9286 -1.1473 1.4272 50.3125 23.3586 10-Dec-2019 14:00:23
189.1308 -2.5791 0 188.019 -2.5793 0 24.375 23.6223 184.6802 -6.1204 -3.5413 188.9256 -1.1503 1.429 50.4375 23.3586 10-Dec-2019 14:00:29
189.1339 -2.576 0 188.0221 -2.5762 0 24.375 23.6314 184.6489 -6.1517 -3.5757 188.9099 -1.166 1.4102 50.5 23.3586 10-Dec-2019 14:00:35
189.1343 -2.5755 0 188.0225 -2.5758 0 24.375 23.6314 184.6198 -6.1808 -3.6052 188.9121 -1.1638 1.412 50.625 23.3495 10-Dec-2019 14:00:41
189.1308 -2.5791 0 188.019 -2.5794 0 24.375 23.6314 184.5879 -6.2127 -3.6336 188.8958 -1.1801 1.3993 50.75 23.3495 10-Dec-2019 14:00:47
189.1322 -2.5776 0 188.0204 -2.5779 0 24.375 23.6314 184.5612 -6.2394 -3.6618 188.9004 -1.1756 1.4023 50.875 23.3404 10-Dec-2019 14:00:53
189.1305 -2.5794 0 188.013 -2.5854 0 24.3125 23.6314 184.5289 -6.2716 -3.6922 188.8994 -1.1765 1.4089 50.9375 23.3404 10-Dec-2019 14:00:59
189.1267 -2.5831 0 188.0149 -2.5834 0 24.375 23.6314 184.4981 -6.3024 -3.7193 188.9 -1.176 1.4075 51.0625 23.3495 10-Dec-2019 14:01:05
189.1302 -2.5797 0 188.0184 -2.58 0 24.375 23.6314 184.4705 -6.3301 -3.7504 188.9036 -1.1723 1.4077 51.1875 23.3495 10-Dec-2019 14:01:11
189.1239 -2.586 0 188.0121 -2.5863 0 24.375 23.6223 184.4411 -6.3595 -3.7735 188.8899 -1.186 1.4002 51.3125 23.3404 10-Dec-2019 14:01:17
189.124 -2.5859 0 188.0122 -2.5862 0 24.375 23.6314 184.4137 -6.3868 -3.8009 188.8939 -1.182 1.4042 51.375 23.3404 10-Dec-2019 14:01:24
189.1237 -2.5862 0 188.0119 -2.5865 0 24.375 23.6314 184.3876 -6.4129 -3.8267 188.8992 -1.1768 1.4098 51.5 23.3404 10-Dec-2019 14:01:30
189.1256 -2.5843 0 188.0138 -2.5846 0 24.375 23.6314 184.3593 -6.4413 -3.857 188.8866 -1.1894 1.3952 51.625 23.3404 10-Dec-2019 14:01:36
189.1234 -2.5865 0 188.0116 -2.5868 0 24.375 23.6223 184.3328 -6.4678 -3.8813 188.8914 -1.1845 1.4023 51.6875 23.3313 10-Dec-2019 14:01:42
189.1224 -2.5875 0 188.0106 -2.5878 0 24.375 23.6223 184.3086 -6.4919 -3.9044 188.883 -1.193 1.3948 51.8125 23.3313 10-Dec-2019 14:01:48
189.1184 -2.5915 0 188.0066 -2.5918 0 24.375 23.6314 184.2674 -6.5332 -3.9417 188.8885 -1.1874 1.4044 51.875 23.3313 10-Dec-2019 14:01:54
189.1165 -2.5934 0 188.0047 -2.5937 0 24.375 23.6314 184.2445 -6.5561 -3.9627 188.8817 -1.1942 1.3994 52 23.3313 10-Dec-2019 14:02:00
189.1159 -2.5939 0 188.0041 -2.5943 0 24.375 23.6223 184.2189 -6.5817 -3.9877 188.8718 -1.2042 1.3901 52.0625 23.3222 10-Dec-2019 14:02:06
189.1129 -2.597 0 188.0011 -2.5973 0 24.375 23.6223 184.193 -6.6076 -4.0107 188.8773 -1.1986 1.3986 52.1875 23.3313 10-Dec-2019 14:02:12
189.1166 -2.5933 0 188.0048 -2.5936 0 24.375 23.6314 184.1667 -6.6339 -4.0406 188.8825 -1.1935 1.4001 52.3125 23.3313 10-Dec-2019 14:02:18
189.115 -2.5949 0 188.0032 -2.5952 0 24.375 23.6314 184.1477 -6.6529 -4.058 188.8792 -1.1967 1.3984 52.375 23.3222 10-Dec-2019 14:02:25
189.1128 -2.5971 0 188.001 -2.5974 0 24.375 23.6223 184.1194 -6.6812 -4.0841 188.8667 -1.2093 1.3881 52.4375 23.3313 10-Dec-2019 14:02:31
189.1134 -2.5965 0 188.0016 -2.5968 0 24.375 23.6314 184.0919 -6.7087 -4.1122 188.8706 -1.2053 1.3915 52.5625 23.3222 10-Dec-2019 14:02:37
189.1131 -2.5968 0 188.0012 -2.5971 0 24.375 23.6314 184.0704 -6.7302 -4.1333 188.8649 -1.211 1.3861 52.625 23.3222 10-Dec-2019 14:02:43
189.1089 -2.601 0 187.997 -2.6013 0 24.375 23.6314 184.0493 -6.7513 -4.1503 188.8595 -1.2164 1.3849 52.6875 23.3222 10-Dec-2019 14:02:49
189.1094 -2.6005 0 187.9976 -2.6008 0 24.375 23.6314 184.0218 -6.7788 -4.1783 188.8635 -1.2124 1.3884 52.8125 23.3222 10-Dec-2019 14:02:55
189.1045 -2.6054 0 187.9927 -2.6057 0 24.4375 23.6314 184.0005 -6.8 -4.1946 188.8737 -1.2022 1.4035 52.9375 23.3131 10-Dec-2019 14:03:01
189.1047 -2.6052 0 187.9929 -2.6055 0 24.4375 23.6223 183.9785 -6.8221 -4.2169 188.8674 -1.2085 1.397 53 23.3222 10-Dec-2019 14:03:07
189.1076 -2.6023 0 187.9921 -2.6063 0 24.375 23.6223 183.9534 -6.8472 -4.2449 188.8581 -1.2178 1.3885 53.0625 23.3222 10-Dec-2019 14:03:13
189.107 -2.6029 0 187.9952 -2.6032 0 24.375 23.6314 183.934 -6.8666 -4.2637 188.8544 -1.2215 1.3817 53.125 23.3222 10-Dec-2019 14:03:20
189.1031 -2.6068 0 187.9913 -2.6071 0 24.375 23.6223 183.9138 -6.8868 -4.28 188.8658 -1.2101 1.3969 53.25 23.3222 10-Dec-2019 14:03:26
189.1022 -2.6076 0 187.9962 -2.6022 0 24.4375 23.6314 183.8913 -6.9093 -4.3017 188.859 -1.2169 1.3853 53.3125 23.3222 10-Dec-2019 14:03:32
189.1 -2.6099 0 187.9882 -2.6102 0 24.375 23.595 183.8699 -6.9306 -4.3208 188.8535 -1.2225 1.3877 53.375 23.3222 10-Dec-2019 14:03:38
189.0982 -2.6117 0 187.9864 -2.612 0 24.375 23.6314 183.8501 -6.9504 -4.3388 188.8494 -1.2265 1.3854 53.4375 23.3222 10-Dec-2019 14:03:44
189.1008 -2.609 0 187.989 -2.6093 0 24.375 23.6314 183.8316 -6.9689 -4.3599 188.8624 -1.2135 1.3958 53.5625 23.3131 10-Dec-2019 14:03:50
189.1003 -2.6096 0 187.9885 -2.6099 0 24.375 23.6314 183.8157 -6.9848 -4.3752 188.8623 -1.2137 1.3963 53.625 23.3131 10-Dec-2019 14:03:56
189.0975 -2.6124 0 187.9857 -2.6127 0 24.375 23.6223 183.7929 -7.0076 -4.3953 188.8552 -1.2207 1.392 53.6875 23.3222 10-Dec-2019 14:04:02
189.0978 -2.6121 0 187.9859 -2.6124 0 24.375 23.6314 183.7737 -7.0268 -4.4147 188.8518 -1.2241 1.3883 53.75 23.3131 10-Dec-2019 14:04:08
189.0965 -2.6134 0 187.9846 -2.6137 0 24.375 23.6314 183.7542 -7.0464 -4.4329 188.8481 -1.2279 1.3859 53.8125 23.3222 10-Dec-2019 14:04:14
189.0973 -2.6126 0 187.9855 -2.6129 0 24.375 23.6223 183.7354 -7.0652 -4.4526 188.845 -1.231 1.3819 53.9375 23.3222 10-Dec-2019 14:04:21
189.0976 -2.6122 0 187.9916 -2.6068 0 24.4375 23.6314 183.7182 -7.0824 -4.4702 188.8435 -1.2324 1.3744 53.9375 23.3131 10-Dec-2019 14:04:27
189.095 -2.6149 0 187.9832 -2.6152 0 24.375 23.6314 183.6988 -7.1018 -4.4869 188.8557 -1.2202 1.3949 54.0625 23.3131 10-Dec-2019 14:04:33
189.0917 -2.6182 0 187.9799 -2.6185 0 24.375 23.6314 183.6781 -7.1225 -4.5043 188.8508 -1.2252 1.3933 54.125 23.3131 10-Dec-2019 14:04:39
189.0905 -2.6194 0 187.9845 -2.6139 0 24.4375 23.6314 183.6609 -7.1396 -4.5203 188.8494 -1.2266 1.3873 54.1875 23.304 10-Dec-2019 14:04:45
189.091 -2.6188 0 187.985 -2.6134 0 24.4375 23.6314 183.6445 -7.1561 -4.5373 188.8487 -1.2273 1.3861 54.25 23.304 10-Dec-2019 14:04:51
189.0909 -2.619 0 187.9848 -2.6136 0 24.4375 23.6314 183.6243 -7.1763 -4.5572 188.8443 -1.2317 1.3819 54.3125 23.304 10-Dec-2019 14:04:57
189.0868 -2.6231 0 187.9807 -2.6177 0 24.4375 23.6223 183.6089 -7.1917 -4.5686 188.8446 -1.2313 1.3864 54.375 23.3131 10-Dec-2019 14:05:03
189.091 -2.6189 0 187.985 -2.6134 0 24.4375 23.6314 183.5927 -7.2079 -4.589 188.8442 -1.2318 1.3817 54.4375 23.304 10-Dec-2019 14:05:09
189.0874 -2.6225 0 187.9756 -2.6228 0 24.375 23.6223 183.5678 -7.2328 -4.6103 188.8439 -1.232 1.3908 54.5 23.304 10-Dec-2019 14:05:15
189.0845 -2.6254 0 187.9784 -2.6199 0 24.4375 23.6314 183.5502 -7.2504 -4.625 188.8332 -1.2428 1.3772 54.5625 23.304 10-Dec-2019 14:05:22
189.0866 -2.6232 0 187.9806 -2.6178 0 24.4375 23.6314 183.5357 -7.2649 -4.6417 188.8344 -1.2415 1.3763 54.625 23.304 10-Dec-2019 14:05:28
189.0859 -2.624 0 187.9798 -2.6186 0 24.4375 23.6223 183.5182 -7.2823 -4.6583 188.8327 -1.2432 1.3754 54.6875 23.304 10-Dec-2019 14:05:34
189.0871 -2.6228 0 187.981 -2.6173 0 24.4375 23.6223 183.5013 -7.2993 -4.6765 188.8316 -1.2444 1.373 54.75 23.304 10-Dec-2019 14:05:40
189.0829 -2.627 0 187.9768 -2.6216 0 24.4375 23.6223 183.4881 -7.3125 -4.6855 188.8341 -1.2418 1.3798 54.8125 23.304 10-Dec-2019 14:05:46
189.086 -2.6239 0 187.9799 -2.6184 0 24.4375 23.6314 183.4697 -7.3309 -4.707 188.8315 -1.2445 1.374 54.875 23.2949 10-Dec-2019 14:05:52
189.0812 -2.6286 0 187.9752 -2.6232 0 24.4375 23.6314 183.4548 -7.3458 -4.7171 188.8324 -1.2436 1.3796 54.9375 23.2949 10-Dec-2019 14:05:58
189.0869 -2.623 0 187.9808 -2.6175 0 24.4375 23.6223 183.4398 -7.3608 -4.7378 188.8331 -1.2429 1.3747 55 23.304 10-Dec-2019 14:06:04
189.0827 -2.6272 0 187.9766 -2.6217 0 24.4375 23.6314 183.4239 -7.3766 -4.7495 188.833 -1.243 1.3788 55.0625 23.304 10-Dec-2019 14:06:10
189.0837 -2.6262 0 187.9776 -2.6208 0 24.4375 23.6223 183.4109 -7.3896 -4.7634 188.8357 -1.2402 1.3806 55.125 23.304 10-Dec-2019 14:06:17
189.0808 -2.629 0 187.9748 -2.6236 0 24.4375 23.6223 183.3967 -7.4039 -4.7748 188.8373 -1.2387 1.3849 55.1875 23.2949 10-Dec-2019 14:06:23
189.0796 -2.6303 0 187.9736 -2.6248 0 24.4375 23.6314 183.3836 -7.4169 -4.7867 188.84 -1.236 1.3888 55.25 23.304 10-Dec-2019 14:06:29
189.0803 -2.6296 0 187.9757 -2.6227 0 24.4375 23.6314 183.3713 -7.4293 -4.7997 188.8434 -1.2326 1.3901 55.3125 23.304 10-Dec-2019 14:06:35
189.0831 -2.6268 0 187.9771 -2.6213 0 24.4375 23.6314 183.3557 -7.4448 -4.8181 188.8278 -1.2482 1.3732 55.3125 23.304 10-Dec-2019 14:06:41
189.0756 -2.6342 0 187.9696 -2.6288 0 24.4375 23.6223 183.3411 -7.4595 -4.8253 188.8289 -1.2471 1.3817 55.375 23.304 10-Dec-2019 14:06:47
189.0768 -2.6331 0 187.9707 -2.6277 0 24.4375 23.6223 183.3269 -7.4737 -4.8406 188.8305 -1.2455 1.3822 55.4375 23.304 10-Dec-2019 14:06:53
189.0751 -2.6347 0 187.9691 -2.6293 0 24.4375 23.6223 183.3127 -7.4879 -4.8532 188.8319 -1.244 1.3853 55.5 23.2949 10-Dec-2019 14:06:59
189.0732 -2.6366 0 187.9672 -2.6312 0 24.4375 23.6223 183.297 -7.5035 -4.8669 188.8321 -1.2439 1.3873 55.5625 23.2949 10-Dec-2019 14:07:05
189.0719 -2.638 0 187.9658 -2.6326 0 24.4375 23.6314 183.2828 -7.5178 -4.8798 188.8335 -1.2424 1.3901 55.625 23.304 10-Dec-2019 14:07:11
189.0754 -2.6345 0 187.9694 -2.629 0 24.4375 23.6223 183.2743 -7.5263 -4.8918 188.8251 -1.2509 1.3781 55.625 23.304 10-Dec-2019 14:07:18
189.0707 -2.6391 0 187.9647 -2.6337 0 24.4375 23.6223 183.2592 -7.5414 -4.9022 188.8257 -1.2502 1.3835 55.6875 23.304 10-Dec-2019 14:07:24
189.0725 -2.6374 0 187.9664 -2.6319 0 24.4375 23.6314 183.2494 -7.5512 -4.9138 188.8316 -1.2443 1.3876 55.75 23.304 10-Dec-2019 14:07:30
189.0756 -2.6342 0 187.9696 -2.6288 0 24.4375 23.6314 183.2369 -7.5637 -4.9295 188.8191 -1.2569 1.3719 55.8125 23.2949 10-Dec-2019 14:07:36
189.0732 -2.6367 0 187.9671 -2.6313 0 24.4375 23.6314 183.2246 -7.576 -4.9393 188.8383 -1.2377 1.3936 55.875 23.2949 10-Dec-2019 14:07:42
189.0731 -2.6368 0 187.967 -2.6314 0 24.4375 23.6314 183.2137 -7.5869 -4.9501 188.8274 -1.2486 1.3828 55.875 23.2949 10-Dec-2019 14:07:48
189.0694 -2.6405 0 187.9633 -2.635 0 24.4375 23.6223 183.1974 -7.6032 -4.9627 188.8268 -1.2492 1.3859 55.9375 23.2949 10-Dec-2019 14:07:54
189.0729 -2.637 0 187.9668 -2.6316 0 24.4375 23.6223 183.1855 -7.6151 -4.9781 188.8306 -1.2454 1.3862 56 23.2858 10-Dec-2019 14:08:00
189.069 -2.6409 0 187.9629 -2.6354 0 24.4375 23.6314 183.1742 -7.6264 -4.9855 188.8193 -1.2566 1.3788 56.0625 23.2858 10-Dec-2019 14:08:06
189.0668 -2.6431 0 187.9607 -2.6376 0 24.4375 23.6314 183.1641 -7.6365 -4.9934 188.825 -1.251 1.3866 56.0625 23.2858 10-Dec-2019 14:08:12
189.0661 -2.6438 0 187.96 -2.6384 0 24.4375 23.6223 183.1519 -7.6487 -5.0048 188.8285 -1.2475 1.3909 56.125 23.2858 10-Dec-2019 14:08:19
189.063 -2.6468 0 187.957 -2.6414 0 24.4375 23.6223 183.139 -7.6616 -5.0147 188.8156 -1.2604 1.381 56.1875 23.2858 10-Dec-2019 14:08:25
189.0631 -2.6467 0 187.9571 -2.6413 0 24.4375 23.6223 183.1237 -7.6769 -5.0301 188.8159 -1.26 1.3813 56.1875 23.2858 10-Dec-2019 14:08:31
189.0646 -2.6452 0 187.9586 -2.6398 0 24.4375 23.6314 183.1068 -7.6938 -5.0485 188.8242 -1.2517 1.3881 56.25 23.2949 10-Dec-2019 14:08:37
189.0636 -2.6463 0 187.9576 -2.6408 0 24.4375 23.6223 183.0935 -7.7071 -5.0609 188.8171 -1.2588 1.382 56.3125 23.2858 10-Dec-2019 14:08:43
189.0637 -2.6462 0 187.9634 -2.6349 0 24.4375 23.6223 183.09 -7.7106 -5.0644 188.8136 -1.2623 1.3726 56.3125 23.2858 10-Dec-2019 14:08:49
189.0637 -2.6462 0 187.9577 -2.6407 0 24.4375 23.6314 183.0784 -7.7222 -5.0761 188.8177 -1.2582 1.3825 56.375 23.2858 10-Dec-2019 14:08:55
189.0611 -2.6488 0 187.9608 -2.6376 0 24.5 23.6223 183.0644 -7.7362 -5.0874 188.8195 -1.2565 1.3811 56.4375 23.2858 10-Dec-2019 14:09:01
189.0618 -2.648 0 187.9616 -2.6368 0 24.5 23.6223 183.0524 -7.7482 -5.1002 188.8231 -1.2528 1.384 56.5 23.2858 10-Dec-2019 14:09:07
189.0634 -2.6464 0 187.9632 -2.6352 0 24.5 23.6314 183.0464 -7.7542 -5.1077 188.8172 -1.2588 1.3764 56.5 23.2768 10-Dec-2019 14:09:14
189.0591 -2.6508 0 187.953 -2.6454 0 24.4375 23.6314 183.0313 -7.7693 -5.1184 188.8178 -1.2582 1.3872 56.5625 23.2858 10-Dec-2019 14:09:20
189.0586 -2.6513 0 187.9526 -2.6458 0 24.4375 23.6223 183.0222 -7.7784 -5.1271 188.8243 -1.2516 1.3942 56.625 23.2858 10-Dec-2019 14:09:26
189.0598 -2.65 0 187.9596 -2.6388 0 24.5 23.6314 183.0168 -7.7838 -5.1338 188.8189 -1.257 1.3818 56.625 23.2768 10-Dec-2019 14:09:32
189.0583 -2.6516 0 187.9581 -2.6403 0 24.5 23.6314 183.0076 -7.793 -5.1414 188.8254 -1.2506 1.3898 56.6875 23.2858 10-Dec-2019 14:09:38
189.0592 -2.6507 0 187.9531 -2.6453 0 24.4375 23.6223 182.9965 -7.804 -5.1533 188.8143 -1.2616 1.3837 56.6875 23.2858 10-Dec-2019 14:09:44
189.052 -2.6579 0 187.946 -2.6524 0 24.4375 23.6314 182.9826 -7.818 -5.1601 188.8161 -1.2598 1.3926 56.75 23.2768 10-Dec-2019 14:09:50
189.0529 -2.657 0 187.9539 -2.6445 0 24.5 23.6223 182.9734 -7.8272 -5.1702 188.8069 -1.2691 1.3754 56.75 23.2768 10-Dec-2019 14:09:56
189.0544 -2.6555 0 187.9483 -2.65 0 24.4375 23.6314 182.9695 -7.8311 -5.1756 188.8187 -1.2573 1.3928 56.8125 23.2768 10-Dec-2019 14:10:02
189.0495 -2.6603 0 187.9493 -2.6491 0 24.5 23.6314 182.957 -7.8435 -5.1832 188.8219 -1.2541 1.395 56.875 23.2768 10-Dec-2019 14:10:08
189.0517 -2.6582 0 187.9514 -2.6469 0 24.5 23.6223 182.9499 -7.8507 -5.1925 188.8148 -1.2612 1.3857 56.875 23.2768 10-Dec-2019 14:10:15
189.0508 -2.6591 0 187.9447 -2.6536 0 24.4375 23.6314 182.9333 -7.8673 -5.2082 188.8138 -1.2621 1.3915 56.9375 23.2768 10-Dec-2019 14:10:21
189.0525 -2.6574 0 187.9522 -2.6462 0 24.5 23.6314 182.9277 -7.8729 -5.2155 188.8239 -1.2521 1.3941 57 23.2768 10-Dec-2019 14:10:27
189.0515 -2.6584 0 187.9512 -2.6472 0 24.5 23.6223 182.9175 -7.8831 -5.2246 188.8137 -1.2623 1.3849 57 23.2858 10-Dec-2019 14:10:33
189.0521 -2.6578 0 187.9518 -2.6466 0 24.5 23.6223 182.9072 -7.8934 -5.2356 188.819 -1.2569 1.3896 57.0625 23.2768 10-Dec-2019 14:10:39
189.0507 -2.6592 0 187.9446 -2.6537 0 24.4375 23.6223 182.9054 -7.8952 -5.236 188.8172 -1.2587 1.395 57.0625 23.2858 10-Dec-2019 14:10:45
189.0481 -2.6618 0 187.9478 -2.6505 0 24.5 23.6223 182.8912 -7.9094 -5.2476 188.8186 -1.2573 1.3932 57.125 23.2768 10-Dec-2019 14:10:51
189.0513 -2.6586 0 187.951 -2.6474 0 24.5 23.6314 182.8807 -7.9198 -5.2612 188.8082 -1.2677 1.3797 57.125 23.2768 10-Dec-2019 14:10:57
189.0518 -2.6581 0 187.9515 -2.6468 0 24.5 23.6314 182.8739 -7.9267 -5.2686 188.8171 -1.2589 1.388 57.1875 23.2768 10-Dec-2019 14:11:03
189.0465 -2.6633 0 187.9463 -2.6521 0 24.5 23.6314 182.8605 -7.9401 -5.2768 188.8036 -1.2724 1.3797 57.25 23.2768 10-Dec-2019 14:11:09
189.0495 -2.6604 0 187.9492 -2.6492 0 24.5 23.6314 182.8566 -7.9439 -5.2835 188.8154 -1.2605 1.3887 57.25 23.2768 10-Dec-2019 14:11:16
189.047 -2.6628 0 187.9468 -2.6516 0 24.5 23.6314 182.8457 -7.9549 -5.2921 188.8044 -1.2715 1.3801 57.25 23.2768 10-Dec-2019 14:11:22
189.0435 -2.6663 0 187.9433 -2.6551 0 24.5 23.6223 182.8375 -7.9631 -5.2967 188.8119 -1.264 1.3911 57.3125 23.2768 10-Dec-2019 14:11:28
189.048 -2.6618 0 187.9478 -2.6506 0 24.5 23.6314 182.8315 -7.9691 -5.3073 188.8215 -1.2545 1.3961 57.375 23.2677 10-Dec-2019 14:11:34
189.0456 -2.6643 0 187.9453 -2.653 0 24.5 23.6223 182.8203 -7.9803 -5.316 188.8103 -1.2656 1.3875 57.375 23.2768 10-Dec-2019 14:11:40
189.0454 -2.6644 0 187.9452 -2.6532 0 24.5 23.6314 182.8129 -7.9877 -5.3232 188.803 -1.273 1.3802 57.4375 23.2768 10-Dec-2019 14:11:46
189.0454 -2.6644 0 187.9452 -2.6532 0 24.5 23.6314 182.8129 -7.9877 -5.3232 188.803 -1.273 1.3802 57.4375 23.2768 10-Dec-2019 14:11:46
189.0454 -2.6644 0 187.9452 -2.6532 0 24.5 23.6314 182.8129 -7.9877 -5.3232 188.803 -1.273 1.3802 57.4375 23.2768 10-Dec-2019 14:11:46
189.0454 -2.6644 0 187.9452 -2.6532 0 24.5 23.6314 182.8129 -7.9877 -5.3232 188.803 -1.273 1.3802 57.4375 23.2768 10-Dec-2019 14:11:46
189.0454 -2.6644 0 187.9452 -2.6532 0 24.5 23.6314 182.8129 -7.9877 -5.3232 188.803 -1.273 1.3802 57.4375 23.2768 10-Dec-2019 14:11:46
189.0454 -2.6644 0 187.9452 -2.6532 0 24.5 23.6314 182.8129 -7.9877 -5.3232 188.803 -1.273 1.3802 57.4375 23.2768 10-Dec-2019 14:11:46
189.0454 -2.6644 0 187.9452 -2.6532 0 24.5 23.6314 182.8129 -7.9877 -5.3232 188.803 -1.273 1.3802 57.4375 23.2768 10-Dec-2019 14:11:46
189.0454 -2.6644 0 187.9452 -2.6532 0 24.5 23.6314 182.8129 -7.9877 -5.3232 188.803 -1.273 1.3802 57.4375 23.2768 10-Dec-2019 14:11:46
189.0454 -2.6644 0 187.9452 -2.6532 0 24.5 23.6314 182.8129 -7.9877 -5.3232 188.803 -1.273 1.3802 57.4375 23.2768 10-Dec-2019 14:11:46
189.0454 -2.6644 0 187.9452 -2.6532 0 24.5 23.6314 182.8129 -7.9877 -5.3232 188.803 -1.273 1.3802 57.4375 23.2768 10-Dec-2019 14:11:46
189.0454 -2.6644 0 187.9452 -2.6532 0 24.5 23.6314 182.8129 -7.9877 -5.3232 188.803 -1.273 1.3802 57.4375 23.2768 10-Dec-2019 14:11:46
189.0454 -2.6644 0 187.9452 -2.6532 0 24.5 23.6314 182.8129 -7.9877 -5.3232 188.803 -1.273 1.3802 57.4375 23.2768 10-Dec-2019 14:11:46
189.0454 -2.6644 0 187.9452 -2.6532 0 24.5 23.6314 182.8129 -7.9877 -5.3232 188.803 -1.273 1.3802 57.4375 23.2768 10-Dec-2019 14:11:46
189.0454 -2.6644 0 187.9452 -2.6532 0 24.5 23.6314 182.8129 -7.9877 -5.3232 188.803 -1.273 1.3802 57.4375 23.2768 10-Dec-2019 14:11:46
189.0454 -2.6644 0 187.9452 -2.6532 0 24.5 23.6314 182.8129 -7.9877 -5.3232 188.803 -1.273 1.3802 57.4375 23.2768 10-Dec-2019 14:11:46
189.0454 -2.6644 0 187.9452 -2.6532 0 24.5 23.6314 182.8129 -7.9877 -5.3232 188.803 -1.273 1.3802 57.4375 23.2768 10-Dec-2019 14:11:46
189.0454 -2.6644 0 187.9452 -2.6532 0 24.5 23.6314 182.8129 -7.9877 -5.3232 188.803 -1.273 1.3802 57.4375 23.2768 10-Dec-2019 14:11:46
189.0454 -2.6644 0 187.9452 -2.6532 0 24.5 23.6314 182.8129 -7.9877 -5.3232 188.803 -1.273 1.3802 57.4375 23.2768 10-Dec-2019 14:11:46
189.0454 -2.6644 0 187.9452 -2.6532 0 24.5 23.6314 182.8129 -7.9877 -5.3232 188.803 -1.273 1.3802 57.4375 23.2768 10-Dec-2019 14:11:46
189.0454 -2.6644 0 187.9452 -2.6532 0 24.5 23.6314 182.8129 -7.9877 -5.3232 188.803 -1.273 1.3802 57.4375 23.2768 10-Dec-2019 14:11:46
189.0454 -2.6644 0 187.9452 -2.6532 0 24.5 23.6314 182.8129 -7.9877 -5.3232 188.803 -1.273 1.3802 57.4375 23.2768 10-Dec-2019 14:11:46
189.0454 -2.6644 0 187.9452 -2.6532 0 24.5 23.6314 182.8129 -7.9877 -5.3232 188.803 -1.273 1.3802 57.4375 23.2768 10-Dec-2019 14:11:46
189.0454 -2.6644 0 187.9452 -2.6532 0 24.5 23.6314 182.8129 -7.9877 -5.3232 188.803 -1.273 1.3802 57.4375 23.2768 10-Dec-2019 14:11:46
189.0454 -2.6644 0 187.9452 -2.6532 0 24.5 23.6314 182.8129 -7.9877 -5.3232 188.803 -1.273 1.3802 57.4375 23.2768 10-Dec-2019 14:11:46
189.0454 -2.6644 0 187.9452 -2.6532 0 24.5 23.6314 182.8129 -7.9877 -5.3232 188.803 -1.273 1.3802 57.4375 23.2768 10-Dec-2019 14:11:46
189.0454 -2.6644 0 187.9452 -2.6532 0 24.5 23.6314 182.8129 -7.9877 -5.3232 188.803 -1.273 1.3802 57.4375 23.2768 10-Dec-2019 14:11:46
189.0454 -2.6644 0 187.9452 -2.6532 0 24.5 23.6314 182.8129 -7.9877 -5.3232 188.803 -1.273 1.3802 57.4375 23.2768 10-Dec-2019 14:11:46
189.0454 -2.6644 0 187.9452 -2.6532 0 24.5 23.6314 182.8129 -7.9877 -5.3232 188.803 -1.273 1.3802 57.4375 23.2768 10-Dec-2019 14:11:46
189.0454 -2.6644 0 187.9452 -2.6532 0 24.5 23.6314 182.8129 -7.9877 -5.3232 188.803 -1.273 1.3802 57.4375 23.2768 10-Dec-2019 14:11:46
189.0454 -2.6644 0 187.9452 -2.6532 0 24.5 23.6314 182.8129 -7.9877 -5.3232 188.803 -1.273 1.3802 57.4375 23.2768 10-Dec-2019 14:11:46
189.0454 -2.6644 0 187.9452 -2.6532 0 24.5 23.6314 182.8129 -7.9877 -5.3232 188.803 -1.273 1.3802 57.4375 23.2768 10-Dec-2019 14:11:46
189.0454 -2.6644 0 187.9452 -2.6532 0 24.5 23.6314 182.8129 -7.9877 -5.3232 188.803 -1.273 1.3802 57.4375 23.2768 10-Dec-2019 14:11:46
189.0454 -2.6644 0 187.9452 -2.6532 0 24.5 23.6314 182.8129 -7.9877 -5.3232 188.803 -1.273 1.3802 57.4375 23.2768 10-Dec-2019 14:11:46
189.0454 -2.6644 0 187.9452 -2.6532 0 24.5 23.6314 182.8129 -7.9877 -5.3232 188.803 -1.273 1.3802 57.4375 23.2768 10-Dec-2019 14:11:46
189.0454 -2.6644 0 187.9452 -2.6532 0 24.5 23.6314 182.8129 -7.9877 -5.3232 188.803 -1.273 1.3802 57.4375 23.2768 10-Dec-2019 14:11:46
189.0454 -2.6644 0 187.9452 -2.6532 0 24.5 23.6314 182.8129 -7.9877 -5.3232 188.803 -1.273 1.3802 57.4375 23.2768 10-Dec-2019 14:11:46
189.0454 -2.6644 0 187.9452 -2.6532 0 24.5 23.6314 182.8129 -7.9877 -5.3232 188.803 -1.273 1.3802 57.4375 23.2768 10-Dec-2019 14:11:46
189.0454 -2.6644 0 187.9452 -2.6532 0 24.5 23.6314 182.8129 -7.9877 -5.3232 188.803 -1.273 1.3802 57.4375 23.2768 10-Dec-2019 14:11:46
189.0454 -2.6644 0 187.9452 -2.6532 0 24.5 23.6314 182.8129 -7.9877 -5.3232 188.803 -1.273 1.3802 57.4375 23.2768 10-Dec-2019 14:11:46
189.0454 -2.6644 0 187.9452 -2.6532 0 24.5 23.6314 182.8129 -7.9877 -5.3232 188.803 -1.273 1.3802 57.4375 23.2768 10-Dec-2019 14:11:46
189.0454 -2.6644 0 187.9452 -2.6532 0 24.5 23.6314 182.8129 -7.9877 -5.3232 188.803 -1.273 1.3802 57.4375 23.2768 10-Dec-2019 14:11:46
189.0454 -2.6644 0 187.9452 -2.6532 0 24.5 23.6314 182.8129 -7.9877 -5.3232 188.803 -1.273 1.3802 57.4375 23.2768 10-Dec-2019 14:11:46
189.0454 -2.6644 0 187.9452 -2.6532 0 24.5 23.6314 182.8129 -7.9877 -5.3232 188.803 -1.273 1.3802 57.4375 23.2768 10-Dec-2019 14:11:46
189.0454 -2.6644 0 187.9452 -2.6532 0 24.5 23.6314 182.8129 -7.9877 -5.3232 188.803 -1.273 1.3802 57.4375 23.2768 10-Dec-2019 14:11:46
189.0454 -2.6644 0 187.9452 -2.6532 0 24.5 23.6314 182.8129 -7.9877 -5.3232 188.803 -1.273 1.3802 57.4375 23.2768 10-Dec-2019 14:11:46
189.0454 -2.6644 0 187.9452 -2.6532 0 24.5 23.6314 182.8129 -7.9877 -5.3232 188.803 -1.273 1.3802 57.4375 23.2768 10-Dec-2019 14:11:46
189.0454 -2.6644 0 187.9452 -2.6532 0 24.5 23.6314 182.8129 -7.9877 -5.3232 188.803 -1.273 1.3802 57.4375 23.2768 10-Dec-2019 14:11:46
189.0454 -2.6644 0 187.9452 -2.6532 0 24.5 23.6314 182.8129 -7.9877 -5.3232 188.803 -1.273 1.3802 57.4375 23.2768 10-Dec-2019 14:11:46
189.0454 -2.6644 0 187.9452 -2.6532 0 24.5 23.6314 182.8129 -7.9877 -5.3232 188.803 -1.273 1.3802 57.4375 23.2768 10-Dec-2019 14:11:46
189.0454 -2.6644 0 187.9452 -2.6532 0 24.5 23.6314 182.8129 -7.9877 -5.3232 188.803 -1.273 1.3802 57.4375 23.2768 10-Dec-2019 14:11:46
189.0454 -2.6644 0 187.9452 -2.6532 0 24.5 23.6314 182.8129 -7.9877 -5.3232 188.803 -1.273 1.3802 57.4375 23.2768 10-Dec-2019 14:11:46
189.0454 -2.6644 0 187.9452 -2.6532 0 24.5 23.6314 182.8129 -7.9877 -5.3232 188.803 -1.273 1.3802 57.4375 23.2768 10-Dec-2019 14:11:46
189.0454 -2.6644 0 187.9452 -2.6532 0 24.5 23.6314 182.8129 -7.9877 -5.3232 188.803 -1.273 1.3802 57.4375 23.2768 10-Dec-2019 14:11:46
189.0454 -2.6644 0 187.9452 -2.6532 0 24.5 23.6314 182.8129 -7.9877 -5.3232 188.803 -1.273 1.3802 57.4375 23.2768 10-Dec-2019 14:11:46
189.0454 -2.6644 0 187.9452 -2.6532 0 24.5 23.6314 182.8129 -7.9877 -5.3232 188.803 -1.273 1.3802 57.4375 23.2768 10-Dec-2019 14:11:46
189.0454 -2.6644 0 187.9452 -2.6532 0 24.5 23.6314 182.8129 -7.9877 -5.3232 188.803 -1.273 1.3802 57.4375 23.2768 10-Dec-2019 14:11:46
189.0454 -2.6644 0 187.9452 -2.6532 0 24.5 23.6314 182.8129 -7.9877 -5.3232 188.803 -1.273 1.3802 57.4375 23.2768 10-Dec-2019 14:11:46
189.0454 -2.6644 0 187.9452 -2.6532 0 24.5 23.6314 182.8129 -7.9877 -5.3232 188.803 -1.273 1.3802 57.4375 23.2768 10-Dec-2019 14:11:46
189.0454 -2.6644 0 187.9452 -2.6532 0 24.5 23.6314 182.8129 -7.9877 -5.3232 188.803 -1.273 1.3802 57.4375 23.2768 10-Dec-2019 14:11:46
189.0454 -2.6644 0 187.9452 -2.6532 0 24.5 23.6314 182.8129 -7.9877 -5.3232 188.803 -1.273 1.3802 57.4375 23.2768 10-Dec-2019 14:11:46
189.0454 -2.6644 0 187.9452 -2.6532 0 24.5 23.6314 182.8129 -7.9877 -5.3232 188.803 -1.273 1.3802 57.4375 23.2768 10-Dec-2019 14:11:46
189.0454 -2.6644 0 187.9452 -2.6532 0 24.5 23.6314 182.8129 -7.9877 -5.3232 188.803 -1.273 1.3802 57.4375 23.2768 10-Dec-2019 14:11:46
189.0454 -2.6644 0 187.9452 -2.6532 0 24.5 23.6314 182.8129 -7.9877 -5.3232 188.803 -1.273 1.3802 57.4375 23.2768 10-Dec-2019 14:11:46
189.0454 -2.6644 0 187.9452 -2.6532 0 24.5 23.6314 182.8129 -7.9877 -5.3232 188.803 -1.273 1.3802 57.4375 23.2768 10-Dec-2019 14:11:46
189.0454 -2.6644 0 187.9452 -2.6532 0 24.5 23.6314 182.8129 -7.9877 -5.3232 188.803 -1.273 1.3802 57.4375 23.2768 10-Dec-2019 14:11:46
189.0454 -2.6644 0 187.9452 -2.6532 0 24.5 23.6314 182.8129 -7.9877 -5.3232 188.803 -1.273 1.3802 57.4375 23.2768 10-Dec-2019 14:11:46
189.0454 -2.6644 0 187.9452 -2.6532 0 24.5 23.6314 182.8129 -7.9877 -5.3232 188.803 -1.273 1.3802 57.4375 23.2768 10-Dec-2019 14:11:46
189.0454 -2.6644 0 187.9452 -2.6532 0 24.5 23.6314 182.8129 -7.9877 -5.3232 188.803 -1.273 1.3802 57.4375 23.2768 10-Dec-2019 14:11:46
189.0454 -2.6644 0 187.9452 -2.6532 0 24.5 23.6314 182.8129 -7.9877 -5.3232 188.803 -1.273 1.3802 57.4375 23.2768 10-Dec-2019 14:11:46
189.0454 -2.6644 0 187.9452 -2.6532 0 24.5 23.6314 182.8129 -7.9877 -5.3232 188.803 -1.273 1.3802 57.4375 23.2768 10-Dec-2019 14:11:46
189.0454 -2.6644 0 187.9452 -2.6532 0 24.5 23.6314 182.8129 -7.9877 -5.3232 188.803 -1.273 1.3802 57.4375 23.2768 10-Dec-2019 14:11:46
189.0454 -2.6644 0 187.9452 -2.6532 0 24.5 23.6314 182.8129 -7.9877 -5.3232 188.803 -1.273 1.3802 57.4375 23.2768 10-Dec-2019 14:11:46
189.0454 -2.6644 0 187.9452 -2.6532 0 24.5 23.6314 182.8129 -7.9877 -5.3232 188.803 -1.273 1.3802 57.4375 23.2768 10-Dec-2019 14:11:46
189.0454 -2.6644 0 187.9452 -2.6532 0 24.5 23.6314 182.8129 -7.9877 -5.3232 188.803 -1.273 1.3802 57.4375 23.2768 10-Dec-2019 14:11:46
189.0454 -2.6644 0 187.9452 -2.6532 0 24.5 23.6314 182.8129 -7.9877 -5.3232 188.803 -1.273 1.3802 57.4375 23.2768 10-Dec-2019 14:11:46
189.0454 -2.6644 0 187.9452 -2.6532 0 24.5 23.6314 182.8129 -7.9877 -5.3232 188.803 -1.273 1.3802 57.4375 23.2768 10-Dec-2019 14:11:46
189.0454 -2.6644 0 187.9452 -2.6532 0 24.5 23.6314 182.8129 -7.9877 -5.3232 188.803 -1.273 1.3802 57.4375 23.2768 10-Dec-2019 14:11:46
189.0454 -2.6644 0 187.9452 -2.6532 0 24.5 23.6314 182.8129 -7.9877 -5.3232 188.803 -1.273 1.3802 57.4375 23.2768 10-Dec-2019 14:11:46
189.0454 -2.6644 0 187.9452 -2.6532 0 24.5 23.6314 182.8129 -7.9877 -5.3232 188.803 -1.273 1.3802 57.4375 23.2768 10-Dec-2019 14:11:46
189.0454 -2.6644 0 187.9452 -2.6532 0 24.5 23.6314 182.8129 -7.9877 -5.3232 188.803 -1.273 1.3802 57.4375 23.2768 10-Dec-2019 14:11:46
189.0454 -2.6644 0 187.9452 -2.6532 0 24.5 23.6314 182.8129 -7.9877 -5.3232 188.803 -1.273 1.3802 57.4375 23.2768 10-Dec-2019 14:11:46
189.0454 -2.6644 0 187.9452 -2.6532 0 24.5 23.6314 182.8129 -7.9877 -5.3232 188.803 -1.273 1.3802 57.4375 23.2768 10-Dec-2019 14:11:46
189.0454 -2.6644 0 187.9452 -2.6532 0 24.5 23.6314 182.8129 -7.9877 -5.3232 188.803 -1.273 1.3802 57.4375 23.2768 10-Dec-2019 14:11:46
189.0454 -2.6644 0 187.9452 -2.6532 0 24.5 23.6314 182.8129 -7.9877 -5.3232 188.803 -1.273 1.3802 57.4375 23.2768 10-Dec-2019 14:11:46
189.0454 -2.6644 0 187.9452 -2.6532 0 24.5 23.6314 182.8129 -7.9877 -5.3232 188.803 -1.273 1.3802 57.4375 23.2768 10-Dec-2019 14:11:46
189.0454 -2.6644 0 187.9452 -2.6532 0 24.5 23.6314 182.8129 -7.9877 -5.3232 188.803 -1.273 1.3802 57.4375 23.2768 10-Dec-2019 14:11:46
189.0454 -2.6644 0 187.9452 -2.6532 0 24.5 23.6314 182.8129 -7.9877 -5.3232 188.803 -1.273 1.3802 57.4375 23.2768 10-Dec-2019 14:11:46
189.0454 -2.6644 0 187.9452 -2.6532 0 24.5 23.6314 182.8129 -7.9877 -5.3232 188.803 -1.273 1.3802 57.4375 23.2768 10-Dec-2019 14:11:46
189.0454 -2.6644 0 187.9452 -2.6532 0 24.5 23.6314 182.8129 -7.9877 -5.3232 188.803 -1.273 1.3802 57.4375 23.2768 10-Dec-2019 14:11:46
189.0454 -2.6644 0 187.9452 -2.6532 0 24.5 23.6314 182.8129 -7.9877 -5.3232 188.803 -1.273 1.3802 57.4375 23.2768 10-Dec-2019 14:11:46
189.0454 -2.6644 0 187.9452 -2.6532 0 24.5 23.6314 182.8129 -7.9877 -5.3232 188.803 -1.273 1.3802 57.4375 23.2768 10-Dec-2019 14:11:46
189.0454 -2.6644 0 187.9452 -2.6532 0 24.5 23.6314 182.8129 -7.9877 -5.3232 188.803 -1.273 1.3802 57.4375 23.2768 10-Dec-2019 14:11:46
189.0454 -2.6644 0 187.9452 -2.6532 0 24.5 23.6314 182.8129 -7.9877 -5.3232 188.803 -1.273 1.3802 57.4375 23.2768 10-Dec-2019 14:11:46
189.0454 -2.6644 0 187.9452 -2.6532 0 24.5 23.6314 182.8129 -7.9877 -5.3232 188.803 -1.273 1.3802 57.4375 23.2768 10-Dec-2019 14:11:46
189.0454 -2.6644 0 187.9452 -2.6532 0 24.5 23.6314 182.8129 -7.9877 -5.3232 188.803 -1.273 1.3802 57.4375 23.2768 10-Dec-2019 14:11:46
189.0454 -2.6644 0 187.9452 -2.6532 0 24.5 23.6314 182.8129 -7.9877 -5.3232 188.803 -1.273 1.3802 57.4375 23.2768 10-Dec-2019 14:11:46
189.0454 -2.6644 0 187.9452 -2.6532 0 24.5 23.6314 182.8129 -7.9877 -5.3232 188.803 -1.273 1.3802 57.4375 23.2768 10-Dec-2019 14:11:46
189.0454 -2.6644 0 187.9452 -2.6532 0 24.5 23.6314 182.8129 -7.9877 -5.3232 188.803 -1.273 1.3802 57.4375 23.2768 10-Dec-2019 14:11:46
189.0454 -2.6644 0 187.9452 -2.6532 0 24.5 23.6314 182.8129 -7.9877 -5.3232 188.803 -1.273 1.3802 57.4375 23.2768 10-Dec-2019 14:11:46
189.0454 -2.6644 0 187.9452 -2.6532 0 24.5 23.6314 182.8129 -7.9877 -5.3232 188.803 -1.273 1.3802 57.4375 23.2768 10-Dec-2019 14:11:46
189.0454 -2.6644 0 187.9452 -2.6532 0 24.5 23.6314 182.8129 -7.9877 -5.3232 188.803 -1.273 1.3802 57.4375 23.2768 10-Dec-2019 14:11:46
189.0454 -2.6644 0 187.9452 -2.6532 0 24.5 23.6314 182.8129 -7.9877 -5.3232 188.803 -1.273 1.3802 57.4375 23.2768 10-Dec-2019 14:11:46
189.0454 -2.6644 0 187.9452 -2.6532 0 24.5 23.6314 182.8129 -7.9877 -5.3232 188.803 -1.273 1.3802 57.4375 23.2768 10-Dec-2019 14:11:46
189.0454 -2.6644 0 187.9452 -2.6532 0 24.5 23.6314 182.8129 -7.9877 -5.3232 188.803 -1.273 1.3802 57.4375 23.2768 10-Dec-2019 14:11:46
189.0454 -2.6644 0 187.9452 -2.6532 0 24.5 23.6314 182.8129 -7.9877 -5.3232 188.803 -1.273 1.3802 57.4375 23.2768 10-Dec-2019 14:11:46
189.0454 -2.6644 0 187.9452 -2.6532 0 24.5 23.6314 182.8129 -7.9877 -5.3232 188.803 -1.273 1.3802 57.4375 23.2768 10-Dec-2019 14:11:46
189.0454 -2.6644 0 187.9452 -2.6532 0 24.5 23.6314 182.8129 -7.9877 -5.3232 188.803 -1.273 1.3802 57.4375 23.2768 10-Dec-2019 14:11:46
189.0454 -2.6644 0 187.9452 -2.6532 0 24.5 23.6314 182.8129 -7.9877 -5.3232 188.803 -1.273 1.3802 57.4375 23.2768 10-Dec-2019 14:11:46
189.0454 -2.6644 0 187.9452 -2.6532 0 24.5 23.6314 182.8129 -7.9877 -5.3232 188.803 -1.273 1.3802 57.4375 23.2768 10-Dec-2019 14:11:46
189.0454 -2.6644 0 187.9452 -2.6532 0 24.5 23.6314 182.8129 -7.9877 -5.3232 188.803 -1.273 1.3802 57.4375 23.2768 10-Dec-2019 14:11:46
189.0454 -2.6644 0 187.9452 -2.6532 0 24.5 23.6314 182.8129 -7.9877 -5.3232 188.803 -1.273 1.3802 57.4375 23.2768 10-Dec-2019 14:11:46
189.0454 -2.6644 0 187.9452 -2.6532 0 24.5 23.6314 182.8129 -7.9877 -5.3232 188.803 -1.273 1.3802 57.4375 23.2768 10-Dec-2019 14:11:46
189.0454 -2.6644 0 187.9452 -2.6532 0 24.5 23.6314 182.8129 -7.9877 -5.3232 188.803 -1.273 1.3802 57.4375 23.2768 10-Dec-2019 14:11:46
189.0454 -2.6644 0 187.9452 -2.6532 0 24.5 23.6314 182.8129 -7.9877 -5.3232 188.803 -1.273 1.3802 57.4375 23.2768 10-Dec-2019 14:11:46
189.0454 -2.6644 0 187.9452 -2.6532 0 24.5 23.6314 182.8129 -7.9877 -5.3232 188.803 -1.273 1.3802 57.4375 23.2768 10-Dec-2019 14:11:46
189.0454 -2.6644 0 187.9452 -2.6532 0 24.5 23.6314 182.8129 -7.9877 -5.3232 188.803 -1.273 1.3802 57.4375 23.2768 10-Dec-2019 14:11:46
189.0454 -2.6644 0 187.9452 -2.6532 0 24.5 23.6314 182.8129 -7.9877 -5.3232 188.803 -1.273 1.3802 57.4375 23.2768 10-Dec-2019 14:11:46
189.0454 -2.6644 0 187.9452 -2.6532 0 24.5 23.6314 182.8129 -7.9877 -5.3232 188.803 -1.273 1.3802 57.4375 23.2768 10-Dec-2019 14:11:46
189.0454 -2.6644 0 187.9452 -2.6532 0 24.5 23.6314 182.8129 -7.9877 -5.3232 188.803 -1.273 1.3802 57.4375 23.2768 10-Dec-2019 14:11:46
189.0454 -2.6644 0 187.9452 -2.6532 0 24.5 23.6314 182.8129 -7.9877 -5.3232 188.803 -1.273 1.3802 57.4375 23.2768 10-Dec-2019 14:11:46
189.0454 -2.6644 0 187.9452 -2.6532 0 24.5 23.6314 182.8129 -7.9877 -5.3232 188.803 -1.273 1.3802 57.4375 23.2768 10-Dec-2019 14:11:46
189.0454 -2.6644 0 187.9452 -2.6532 0 24.5 23.6314 182.8129 -7.9877 -5.3232 188.803 -1.273 1.3802 57.4375 23.2768 10-Dec-2019 14:11:46
189.0454 -2.6644 0 187.9452 -2.6532 0 24.5 23.6314 182.8129 -7.9877 -5.3232 188.803 -1.273 1.3802 57.4375 23.2768 10-Dec-2019 14:11:46
189.0454 -2.6644 0 187.9452 -2.6532 0 24.5 23.6314 182.8129 -7.9877 -5.3232 188.803 -1.273 1.3802 57.4375 23.2768 10-Dec-2019 14:11:46
189.0454 -2.6644 0 187.9452 -2.6532 0 24.5 23.6314 182.8129 -7.9877 -5.3232 188.803 -1.273 1.3802 57.4375 23.2768 10-Dec-2019 14:11:46
189.0454 -2.6644 0 187.9452 -2.6532 0 24.5 23.6314 182.8129 -7.9877 -5.3232 188.803 -1.273 1.3802 57.4375 23.2768 10-Dec-2019 14:11:46
189.0454 -2.6644 0 187.9452 -2.6532 0 24.5 23.6314 182.8129 -7.9877 -5.3232 188.803 -1.273 1.3802 57.4375 23.2768 10-Dec-2019 14:11:46
189.0454 -2.6644 0 187.9452 -2.6532 0 24.5 23.6314 182.8129 -7.9877 -5.3232 188.803 -1.273 1.3802 57.4375 23.2768 10-Dec-2019 14:11:46
189.0454 -2.6644 0 187.9452 -2.6532 0 24.5 23.6314 182.8129 -7.9877 -5.3232 188.803 -1.273 1.3802 57.4375 23.2768 10-Dec-2019 14:11:46
189.0454 -2.6644 0 187.9452 -2.6532 0 24.5 23.6314 182.8129 -7.9877 -5.3232 188.803 -1.273 1.3802 57.4375 23.2768 10-Dec-2019 14:11:46
189.0454 -2.6644 0 187.9452 -2.6532 0 24.5 23.6314 182.8129 -7.9877 -5.3232 188.803 -1.273 1.3802 57.4375 23.2768 10-Dec-2019 14:11:46
189.0454 -2.6644 0 187.9452 -2.6532 0 24.5 23.6314 182.8129 -7.9877 -5.3232 188.803 -1.273 1.3802 57.4375 23.2768 10-Dec-2019 14:11:46
189.0454 -2.6644 0 187.9452 -2.6532 0 24.5 23.6314 182.8129 -7.9877 -5.3232 188.803 -1.273 1.3802 57.4375 23.2768 10-Dec-2019 14:11:46
189.0454 -2.6644 0 187.9452 -2.6532 0 24.5 23.6314 182.8129 -7.9877 -5.3232 188.803 -1.273 1.3802 57.4375 23.2768 10-Dec-2019 14:11:46
189.0454 -2.6644 0 187.9452 -2.6532 0 24.5 23.6314 182.8129 -7.9877 -5.3232 188.803 -1.273 1.3802 57.4375 23.2768 10-Dec-2019 14:11:46
189.0454 -2.6644 0 187.9452 -2.6532 0 24.5 23.6314 182.8129 -7.9877 -5.3232 188.803 -1.273 1.3802 57.4375 23.2768 10-Dec-2019 14:11:46
189.0454 -2.6644 0 187.9452 -2.6532 0 24.5 23.6314 182.8129 -7.9877 -5.3232 188.803 -1.273 1.3802 57.4375 23.2768 10-Dec-2019 14:11:46
189.0454 -2.6644 0 187.9452 -2.6532 0 24.5 23.6314 182.8129 -7.9877 -5.3232 188.803 -1.273 1.3802 57.4375 23.2768 10-Dec-2019 14:11:46
189.0454 -2.6644 0 187.9452 -2.6532 0 24.5 23.6314 182.8129 -7.9877 -5.3232 188.803 -1.273 1.3802 57.4375 23.2768 10-Dec-2019 14:11:46
189.0454 -2.6644 0 187.9452 -2.6532 0 24.5 23.6314 182.8129 -7.9877 -5.3232 188.803 -1.273 1.3802 57.4375 23.2768 10-Dec-2019 14:11:46
189.0454 -2.6644 0 187.9452 -2.6532 0 24.5 23.6314 182.8129 -7.9877 -5.3232 188.803 -1.273 1.3802 57.4375 23.2768 10-Dec-2019 14:11:46
189.0454 -2.6644 0 187.9452 -2.6532 0 24.5 23.6314 182.8129 -7.9877 -5.3232 188.803 -1.273 1.3802 57.4375 23.2768 10-Dec-2019 14:11:46
189.0454 -2.6644 0 187.9452 -2.6532 0 24.5 23.6314 182.8129 -7.9877 -5.3232 188.803 -1.273 1.3802 57.4375 23.2768 10-Dec-2019 14:11:46
189.0454 -2.6644 0 187.9452 -2.6532 0 24.5 23.6314 182.8129 -7.9877 -5.3232 188.803 -1.273 1.3802 57.4375 23.2768 10-Dec-2019 14:11:46
189.0454 -2.6644 0 187.9452 -2.6532 0 24.5 23.6314 182.8129 -7.9877 -5.3232 188.803 -1.273 1.3802 57.4375 23.2768 10-Dec-2019 14:11:46
189.0454 -2.6644 0 187.9452 -2.6532 0 24.5 23.6314 182.8129 -7.9877 -5.3232 188.803 -1.273 1.3802 57.4375 23.2768 10-Dec-2019 14:11:46
189.0454 -2.6644 0 187.9452 -2.6532 0 24.5 23.6314 182.8129 -7.9877 -5.3232 188.803 -1.273 1.3802 57.4375 23.2768 10-Dec-2019 14:11:46
189.0454 -2.6644 0 187.9452 -2.6532 0 24.5 23.6314 182.8129 -7.9877 -5.3232 188.803 -1.273 1.3802 57.4375 23.2768 10-Dec-2019 14:11:46
189.0454 -2.6644 0 187.9452 -2.6532 0 24.5 23.6314 182.8129 -7.9877 -5.3232 188.803 -1.273 1.3802 57.4375 23.2768 10-Dec-2019 14:11:46
189.0454 -2.6644 0 187.9452 -2.6532 0 24.5 23.6314 182.8129 -7.9877 -5.3232 188.803 -1.273 1.3802 57.4375 23.2768 10-Dec-2019 14:11:46
189.0454 -2.6644 0 187.9452 -2.6532 0 24.5 23.6314 182.8129 -7.9877 -5.3232 188.803 -1.273 1.3802 57.4375 23.2768 10-Dec-2019 14:11:46
189.0454 -2.6644 0 187.9452 -2.6532 0 24.5 23.6314 182.8129 -7.9877 -5.3232 188.803 -1.273 1.3802 57.4375 23.2768 10-Dec-2019 14:11:46
189.0454 -2.6644 0 187.9452 -2.6532 0 24.5 23.6314 182.8129 -7.9877 -5.3232 188.803 -1.273 1.3802 57.4375 23.2768 10-Dec-2019 14:11:46
189.0454 -2.6644 0 187.9452 -2.6532 0 24.5 23.6314 182.8129 -7.9877 -5.3232 188.803 -1.273 1.3802 57.4375 23.2768 10-Dec-2019 14:11:46
189.0454 -2.6644 0 187.9452 -2.6532 0 24.5 23.6314 182.8129 -7.9877 -5.3232 188.803 -1.273 1.3802 57.4375 23.2768 10-Dec-2019 14:11:46
189.0454 -2.6644 0 187.9452 -2.6532 0 24.5 23.6314 182.8129 -7.9877 -5.3232 188.803 -1.273 1.3802 57.4375 23.2768 10-Dec-2019 14:11:46
189.0454 -2.6644 0 187.9452 -2.6532 0 24.5 23.6314 182.8129 -7.9877 -5.3232 188.803 -1.273 1.3802 57.4375 23.2768 10-Dec-2019 14:11:46
189.0454 -2.6644 0 187.9452 -2.6532 0 24.5 23.6314 182.8129 -7.9877 -5.3232 188.803 -1.273 1.3802 57.4375 23.2768 10-Dec-2019 14:11:46
189.0454 -2.6644 0 187.9452 -2.6532 0 24.5 23.6314 182.8129 -7.9877 -5.3232 188.803 -1.273 1.3802 57.4375 23.2768 10-Dec-2019 14:11:46
189.0454 -2.6644 0 187.9452 -2.6532 0 24.5 23.6314 182.8129 -7.9877 -5.3232 188.803 -1.273 1.3802 57.4375 23.2768 10-Dec-2019 14:11:46
189.0454 -2.6644 0 187.9452 -2.6532 0 24.5 23.6314 182.8129 -7.9877 -5.3232 188.803 -1.273 1.3802 57.4375 23.2768 10-Dec-2019 14:11:46
189.0454 -2.6644 0 187.9452 -2.6532 0 24.5 23.6314 182.8129 -7.9877 -5.3232 188.803 -1.273 1.3802 57.4375 23.2768 10-Dec-2019 14:11:46
189.0454 -2.6644 0 187.9452 -2.6532 0 24.5 23.6314 182.8129 -7.9877 -5.3232 188.803 -1.273 1.3802 57.4375 23.2768 10-Dec-2019 14:11:46
189.0454 -2.6644 0 187.9452 -2.6532 0 24.5 23.6314 182.8129 -7.9877 -5.3232 188.803 -1.273 1.3802 57.4375 23.2768 10-Dec-2019 14:11:46
189.0454 -2.6644 0 187.9452 -2.6532 0 24.5 23.6314 182.8129 -7.9877 -5.3232 188.803 -1.273 1.3802 57.4375 23.2768 10-Dec-2019 14:11:46
189.0454 -2.6644 0 187.9452 -2.6532 0 24.5 23.6314 182.8129 -7.9877 -5.3232 188.803 -1.273 1.3802 57.4375 23.2768 10-Dec-2019 14:11:46
189.0454 -2.6644 0 187.9452 -2.6532 0 24.5 23.6314 182.8129 -7.9877 -5.3232 188.803 -1.273 1.3802 57.4375 23.2768 10-Dec-2019 14:11:46
189.0454 -2.6644 0 187.9452 -2.6532 0 24.5 23.6314 182.8129 -7.9877 -5.3232 188.803 -1.273 1.3802 57.4375 23.2768 10-Dec-2019 14:11:46
189.0454 -2.6644 0 187.9452 -2.6532 0 24.5 23.6314 182.8129 -7.9877 -5.3232 188.803 -1.273 1.3802 57.4375 23.2768 10-Dec-2019 14:11:46
189.0454 -2.6644 0 187.9452 -2.6532 0 24.5 23.6314 182.8129 -7.9877 -5.3232 188.803 -1.273 1.3802 57.4375 23.2768 10-Dec-2019 14:11:46
189.0454 -2.6644 0 187.9452 -2.6532 0 24.5 23.6314 182.8129 -7.9877 -5.3232 188.803 -1.273 1.3802 57.4375 23.2768 10-Dec-2019 14:11:46
189.0454 -2.6644 0 187.9452 -2.6532 0 24.5 23.6314 182.8129 -7.9877 -5.3232 188.803 -1.273 1.3802 57.4375 23.2768 10-Dec-2019 14:11:46
189.0454 -2.6644 0 187.9452 -2.6532 0 24.5 23.6314 182.8129 -7.9877 -5.3232 188.803 -1.273 1.3802 57.4375 23.2768 10-Dec-2019 14:11:46
189.0454 -2.6644 0 187.9452 -2.6532 0 24.5 23.6314 182.8129 -7.9877 -5.3232 188.803 -1.273 1.3802 57.4375 23.2768 10-Dec-2019 14:11:46
189.0454 -2.6644 0 187.9452 -2.6532 0 24.5 23.6314 182.8129 -7.9877 -5.3232 188.803 -1.273 1.3802 57.4375 23.2768 10-Dec-2019 14:11:46
189.0454 -2.6644 0 187.9452 -2.6532 0 24.5 23.6314 182.8129 -7.9877 -5.3232 188.803 -1.273 1.3802 57.4375 23.2768 10-Dec-2019 14:11:46
189.0454 -2.6644 0 187.9452 -2.6532 0 24.5 23.6314 182.8129 -7.9877 -5.3232 188.803 -1.273 1.3802 57.4375 23.2768 10-Dec-2019 14:11:46
189.0454 -2.6644 0 187.9452 -2.6532 0 24.5 23.6314 182.8129 -7.9877 -5.3232 188.803 -1.273 1.3802 57.4375 23.2768 10-Dec-2019 14:11:46
189.0454 -2.6644 0 187.9452 -2.6532 0 24.5 23.6314 182.8129 -7.9877 -5.3232 188.803 -1.273 1.3802 57.4375 23.2768 10-Dec-2019 14:11:46
189.0454 -2.6644 0 187.9452 -2.6532 0 24.5 23.6314 182.8129 -7.9877 -5.3232 188.803 -1.273 1.3802 57.4375 23.2768 10-Dec-2019 14:11:46
189.0454 -2.6644 0 187.9452 -2.6532 0 24.5 23.6314 182.8129 -7.9877 -5.3232 188.803 -1.273 1.3802 57.4375 23.2768 10-Dec-2019 14:11:46
189.0454 -2.6644 0 187.9452 -2.6532 0 24.5 23.6314 182.8129 -7.9877 -5.3232 188.803 -1.273 1.3802 57.4375 23.2768 10-Dec-2019 14:11:46
189.0454 -2.6644 0 187.9452 -2.6532 0 24.5 23.6314 182.8129 -7.9877 -5.3232 188.803 -1.273 1.3802 57.4375 23.2768 10-Dec-2019 14:11:46
189.0454 -2.6644 0 187.9452 -2.6532 0 24.5 23.6314 182.8129 -7.9877 -5.3232 188.803 -1.273 1.3802 57.4375 23.2768 10-Dec-2019 14:11:46
189.0454 -2.6644 0 187.9452 -2.6532 0 24.5 23.6314 182.8129 -7.9877 -5.3232 188.803 -1.273 1.3802 57.4375 23.2768 10-Dec-2019 14:11:46
189.0454 -2.6644 0 187.9452 -2.6532 0 24.5 23.6314 182.8129 -7.9877 -5.3232 188.803 -1.273 1.3802 57.4375 23.2768 10-Dec-2019 14:11:46
189.0454 -2.6644 0 187.9452 -2.6532 0 24.5 23.6314 182.8129 -7.9877 -5.3232 188.803 -1.273 1.3802 57.4375 23.2768 10-Dec-2019 14:11:46
189.0454 -2.6644 0 187.9452 -2.6532 0 24.5 23.6314 182.8129 -7.9877 -5.3232 188.803 -1.273 1.3802 57.4375 23.2768 10-Dec-2019 14:11:46
189.0454 -2.6644 0 187.9452 -2.6532 0 24.5 23.6314 182.8129 -7.9877 -5.3232 188.803 -1.273 1.3802 57.4375 23.2768 10-Dec-2019 14:11:46
189.0454 -2.6644 0 187.9452 -2.6532 0 24.5 23.6314 182.8129 -7.9877 -5.3232 188.803 -1.273 1.3802 57.4375 23.2768 10-Dec-2019 14:11:46
189.0454 -2.6644 0 187.9452 -2.6532 0 24.5 23.6314 182.8129 -7.9877 -5.3232 188.803 -1.273 1.3802 57.4375 23.2768 10-Dec-2019 14:11:46
189.0454 -2.6644 0 187.9452 -2.6532 0 24.5 23.6314 182.8129 -7.9877 -5.3232 188.803 -1.273 1.3802 57.4375 23.2768 10-Dec-2019 14:11:46
189.0454 -2.6644 0 187.9452 -2.6532 0 24.5 23.6314 182.8129 -7.9877 -5.3232 188.803 -1.273 1.3802 57.4375 23.2768 10-Dec-2019 14:11:46
189.0454 -2.6644 0 187.9452 -2.6532 0 24.5 23.6314 182.8129 -7.9877 -5.3232 188.803 -1.273 1.3802 57.4375 23.2768 10-Dec-2019 14:11:46
189.0454 -2.6644 0 187.9452 -2.6532 0 24.5 23.6314 182.8129 -7.9877 -5.3232 188.803 -1.273 1.3802 57.4375 23.2768 10-Dec-2019 14:11:46
189.0454 -2.6644 0 187.9452 -2.6532 0 24.5 23.6314 182.8129 -7.9877 -5.3232 188.803 -1.273 1.3802 57.4375 23.2768 10-Dec-2019 14:11:46
189.0454 -2.6644 0 187.9452 -2.6532 0 24.5 23.6314 182.8129 -7.9877 -5.3232 188.803 -1.273 1.3802 57.4375 23.2768 10-Dec-2019 14:11:46
189.0454 -2.6644 0 187.9452 -2.6532 0 24.5 23.6314 182.8129 -7.9877 -5.3232 188.803 -1.273 1.3802 57.4375 23.2768 10-Dec-2019 14:11:46
189.0454 -2.6644 0 187.9452 -2.6532 0 24.5 23.6314 182.8129 -7.9877 -5.3232 188.803 -1.273 1.3802 57.4375 23.2768 10-Dec-2019 14:11:46
189.0454 -2.6644 0 187.9452 -2.6532 0 24.5 23.6314 182.8129 -7.9877 -5.3232 188.803 -1.273 1.3802 57.4375 23.2768 10-Dec-2019 14:11:46
189.0454 -2.6644 0 187.9452 -2.6532 0 24.5 23.6314 182.8129 -7.9877 -5.3232 188.803 -1.273 1.3802 57.4375 23.2768 10-Dec-2019 14:11:46
189.0454 -2.6644 0 187.9452 -2.6532 0 24.5 23.6314 182.8129 -7.9877 -5.3232 188.803 -1.273 1.3802 57.4375 23.2768 10-Dec-2019 14:11:46
189.0454 -2.6644 0 187.9452 -2.6532 0 24.5 23.6314 182.8129 -7.9877 -5.3232 188.803 -1.273 1.3802 57.4375 23.2768 10-Dec-2019 14:11:46
189.0454 -2.6644 0 187.9452 -2.6532 0 24.5 23.6314 182.8129 -7.9877 -5.3232 188.803 -1.273 1.3802 57.4375 23.2768 10-Dec-2019 14:11:46
189.0454 -2.6644 0 187.9452 -2.6532 0 24.5 23.6314 182.8129 -7.9877 -5.3232 188.803 -1.273 1.3802 57.4375 23.2768 10-Dec-2019 14:11:46
189.0454 -2.6644 0 187.9452 -2.6532 0 24.5 23.6314 182.8129 -7.9877 -5.3232 188.803 -1.273 1.3802 57.4375 23.2768 10-Dec-2019 14:11:46
189.0454 -2.6644 0 187.9452 -2.6532 0 24.5 23.6314 182.8129 -7.9877 -5.3232 188.803 -1.273 1.3802 57.4375 23.2768 10-Dec-2019 14:11:46
189.0454 -2.6644 0 187.9452 -2.6532 0 24.5 23.6314 182.8129 -7.9877 -5.3232 188.803 -1.273 1.3802 57.4375 23.2768 10-Dec-2019 14:11:46
189.0454 -2.6644 0 187.9452 -2.6532 0 24.5 23.6314 182.8129 -7.9877 -5.3232 188.803 -1.273 1.3802 57.4375 23.2768 10-Dec-2019 14:11:46
189.0454 -2.6644 0 187.9452 -2.6532 0 24.5 23.6314 182.8129 -7.9877 -5.3232 188.803 -1.273 1.3802 57.4375 23.2768 10-Dec-2019 14:11:46
189.0454 -2.6644 0 187.9452 -2.6532 0 24.5 23.6314 182.8129 -7.9877 -5.3232 188.803 -1.273 1.3802 57.4375 23.2768 10-Dec-2019 14:11:46
189.0454 -2.6644 0 187.9452 -2.6532 0 24.5 23.6314 182.8129 -7.9877 -5.3232 188.803 -1.273 1.3802 57.4375 23.2768 10-Dec-2019 14:11:46
189.0454 -2.6644 0 187.9452 -2.6532 0 24.5 23.6314 182.8129 -7.9877 -5.3232 188.803 -1.273 1.3802 57.4375 23.2768 10-Dec-2019 14:11:46
189.0454 -2.6644 0 187.9452 -2.6532 0 24.5 23.6314 182.8129 -7.9877 -5.3232 188.803 -1.273 1.3802 57.4375 23.2768 10-Dec-2019 14:11:46
189.0454 -2.6644 0 187.9452 -2.6532 0 24.5 23.6314 182.8129 -7.9877 -5.3232 188.803 -1.273 1.3802 57.4375 23.2768 10-Dec-2019 14:11:46
189.0454 -2.6644 0 187.9452 -2.6532 0 24.5 23.6314 182.8129 -7.9877 -5.3232 188.803 -1.273 1.3802 57.4375 23.2768 10-Dec-2019 14:11:46
189.0454 -2.6644 0 187.9452 -2.6532 0 24.5 23.6314 182.8129 -7.9877 -5.3232 188.803 -1.273 1.3802 57.4375 23.2768 10-Dec-2019 14:11:46
189.0454 -2.6644 0 187.9452 -2.6532 0 24.5 23.6314 182.8129 -7.9877 -5.3232 188.803 -1.273 1.3802 57.4375 23.2768 10-Dec-2019 14:11:46
189.0454 -2.6644 0 187.9452 -2.6532 0 24.5 23.6314 182.8129 -7.9877 -5.3232 188.803 -1.273 1.3802 57.4375 23.2768 10-Dec-2019 14:11:46
189.0454 -2.6644 0 187.9452 -2.6532 0 24.5 23.6314 182.8129 -7.9877 -5.3232 188.803 -1.273 1.3802 57.4375 23.2768 10-Dec-2019 14:11:46
189.0454 -2.6644 0 187.9452 -2.6532 0 24.5 23.6314 182.8129 -7.9877 -5.3232 188.803 -1.273 1.3802 57.4375 23.2768 10-Dec-2019 14:11:46
189.0454 -2.6644 0 187.9452 -2.6532 0 24.5 23.6314 182.8129 -7.9877 -5.3232 188.803 -1.273 1.3802 57.4375 23.2768 10-Dec-2019 14:11:46
189.0454 -2.6644 0 187.9452 -2.6532 0 24.5 23.6314 182.8129 -7.9877 -5.3232 188.803 -1.273 1.3802 57.4375 23.2768 10-Dec-2019 14:11:46
189.0454 -2.6644 0 187.9452 -2.6532 0 24.5 23.6314 182.8129 -7.9877 -5.3232 188.803 -1.273 1.3802 57.4375 23.2768 10-Dec-2019 14:11:46
189.0454 -2.6644 0 187.9452 -2.6532 0 24.5 23.6314 182.8129 -7.9877 -5.3232 188.803 -1.273 1.3802 57.4375 23.2768 10-Dec-2019 14:11:46
189.0454 -2.6644 0 187.9452 -2.6532 0 24.5 23.6314 182.8129 -7.9877 -5.3232 188.803 -1.273 1.3802 57.4375 23.2768 10-Dec-2019 14:11:46
189.0454 -2.6644 0 187.9452 -2.6532 0 24.5 23.6314 182.8129 -7.9877 -5.3232 188.803 -1.273 1.3802 57.4375 23.2768 10-Dec-2019 14:11:46
189.0454 -2.6644 0 187.9452 -2.6532 0 24.5 23.6314 182.8129 -7.9877 -5.3232 188.803 -1.273 1.3802 57.4375 23.2768 10-Dec-2019 14:11:46
189.0454 -2.6644 0 187.9452 -2.6532 0 24.5 23.6314 182.8129 -7.9877 -5.3232 188.803 -1.273 1.3802 57.4375 23.2768 10-Dec-2019 14:11:46
189.0454 -2.6644 0 187.9452 -2.6532 0 24.5 23.6314 182.8129 -7.9877 -5.3232 188.803 -1.273 1.3802 57.4375 23.2768 10-Dec-2019 14:11:46
189.0454 -2.6644 0 187.9452 -2.6532 0 24.5 23.6314 182.8129 -7.9877 -5.3232 188.803 -1.273 1.3802 57.4375 23.2768 10-Dec-2019 14:11:46
189.0454 -2.6644 0 187.9452 -2.6532 0 24.5 23.6314 182.8129 -7.9877 -5.3232 188.803 -1.273 1.3802 57.4375 23.2768 10-Dec-2019 14:11:46
189.0454 -2.6644 0 187.9452 -2.6532 0 24.5 23.6314 182.8129 -7.9877 -5.3232 188.803 -1.273 1.3802 57.4375 23.2768 10-Dec-2019 14:11:46
189.0454 -2.6644 0 187.9452 -2.6532 0 24.5 23.6314 182.8129 -7.9877 -5.3232 188.803 -1.273 1.3802 57.4375 23.2768 10-Dec-2019 14:11:46
189.0454 -2.6644 0 187.9452 -2.6532 0 24.5 23.6314 182.8129 -7.9877 -5.3232 188.803 -1.273 1.3802 57.4375 23.2768 10-Dec-2019 14:11:46
189.0454 -2.6644 0 187.9452 -2.6532 0 24.5 23.6314 182.8129 -7.9877 -5.3232 188.803 -1.273 1.3802 57.4375 23.2768 10-Dec-2019 14:11:46
189.0454 -2.6644 0 187.9452 -2.6532 0 24.5 23.6314 182.8129 -7.9877 -5.3232 188.803 -1.273 1.3802 57.4375 23.2768 10-Dec-2019 14:11:46
189.0454 -2.6644 0 187.9452 -2.6532 0 24.5 23.6314 182.8129 -7.9877 -5.3232 188.803 -1.273 1.3802 57.4375 23.2768 10-Dec-2019 14:11:46
189.0454 -2.6644 0 187.9452 -2.6532 0 24.5 23.6314 182.8129 -7.9877 -5.3232 188.803 -1.273 1.3802 57.4375 23.2768 10-Dec-2019 14:11:46
189.0454 -2.6644 0 187.9452 -2.6532 0 24.5 23.6314 182.8129 -7.9877 -5.3232 188.803 -1.273 1.3802 57.4375 23.2768 10-Dec-2019 14:11:46
189.0454 -2.6644 0 187.9452 -2.6532 0 24.5 23.6314 182.8129 -7.9877 -5.3232 188.803 -1.273 1.3802 57.4375 23.2768 10-Dec-2019 14:11:46
189.0454 -2.6644 0 187.9452 -2.6532 0 24.5 23.6314 182.8129 -7.9877 -5.3232 188.803 -1.273 1.3802 57.4375 23.2768 10-Dec-2019 14:11:46
189.0454 -2.6644 0 187.9452 -2.6532 0 24.5 23.6314 182.8129 -7.9877 -5.3232 188.803 -1.273 1.3802 57.4375 23.2768 10-Dec-2019 14:11:46
189.0454 -2.6644 0 187.9452 -2.6532 0 24.5 23.6314 182.8129 -7.9877 -5.3232 188.803 -1.273 1.3802 57.4375 23.2768 10-Dec-2019 14:11:46
189.0454 -2.6644 0 187.9452 -2.6532 0 24.5 23.6314 182.8129 -7.9877 -5.3232 188.803 -1.273 1.3802 57.4375 23.2768 10-Dec-2019 14:11:46
189.0454 -2.6644 0 187.9452 -2.6532 0 24.5 23.6314 182.8129 -7.9877 -5.3232 188.803 -1.273 1.3802 57.4375 23.2768 10-Dec-2019 14:11:46
189.0454 -2.6644 0 187.9452 -2.6532 0 24.5 23.6314 182.8129 -7.9877 -5.3232 188.803 -1.273 1.3802 57.4375 23.2768 10-Dec-2019 14:11:46
189.0454 -2.6644 0 187.9452 -2.6532 0 24.5 23.6314 182.8129 -7.9877 -5.3232 188.803 -1.273 1.3802 57.4375 23.2768 10-Dec-2019 14:11:46
189.0454 -2.6644 0 187.9452 -2.6532 0 24.5 23.6314 182.8129 -7.9877 -5.3232 188.803 -1.273 1.3802 57.4375 23.2768 10-Dec-2019 14:11:46
189.0454 -2.6644 0 187.9452 -2.6532 0 24.5 23.6314 182.8129 -7.9877 -5.3232 188.803 -1.273 1.3802 57.4375 23.2768 10-Dec-2019 14:11:46
189.0454 -2.6644 0 187.9452 -2.6532 0 24.5 23.6314 182.8129 -7.9877 -5.3232 188.803 -1.273 1.3802 57.4375 23.2768 10-Dec-2019 14:11:46
189.0454 -2.6644 0 187.9452 -2.6532 0 24.5 23.6314 182.8129 -7.9877 -5.3232 188.803 -1.273 1.3802 57.4375 23.2768 10-Dec-2019 14:11:46
189.0454 -2.6644 0 187.9452 -2.6532 0 24.5 23.6314 182.8129 -7.9877 -5.3232 188.803 -1.273 1.3802 57.4375 23.2768 10-Dec-2019 14:11:46
189.0454 -2.6644 0 187.9452 -2.6532 0 24.5 23.6314 182.8129 -7.9877 -5.3232 188.803 -1.273 1.3802 57.4375 23.2768 10-Dec-2019 14:11:46
189.0454 -2.6644 0 187.9452 -2.6532 0 24.5 23.6314 182.8129 -7.9877 -5.3232 188.803 -1.273 1.3802 57.4375 23.2768 10-Dec-2019 14:11:46
189.0454 -2.6644 0 187.9452 -2.6532 0 24.5 23.6314 182.8129 -7.9877 -5.3232 188.803 -1.273 1.3802 57.4375 23.2768 10-Dec-2019 14:11:46
189.0454 -2.6644 0 187.9452 -2.6532 0 24.5 23.6314 182.8129 -7.9877 -5.3232 188.803 -1.273 1.3802 57.4375 23.2768 10-Dec-2019 14:11:46
189.0454 -2.6644 0 187.9452 -2.6532 0 24.5 23.6314 182.8129 -7.9877 -5.3232 188.803 -1.273 1.3802 57.4375 23.2768 10-Dec-2019 14:11:46
189.0454 -2.6644 0 187.9452 -2.6532 0 24.5 23.6314 182.8129 -7.9877 -5.3232 188.803 -1.273 1.3802 57.4375 23.2768 10-Dec-2019 14:11:46
189.0454 -2.6644 0 187.9452 -2.6532 0 24.5 23.6314 182.8129 -7.9877 -5.3232 188.803 -1.273 1.3802 57.4375 23.2768 10-Dec-2019 14:11:46
189.0454 -2.6644 0 187.9452 -2.6532 0 24.5 23.6314 182.8129 -7.9877 -5.3232 188.803 -1.273 1.3802 57.4375 23.2768 10-Dec-2019 14:11:46
189.0454 -2.6644 0 187.9452 -2.6532 0 24.5 23.6314 182.8129 -7.9877 -5.3232 188.803 -1.273 1.3802 57.4375 23.2768 10-Dec-2019 14:11:46
189.0454 -2.6644 0 187.9452 -2.6532 0 24.5 23.6314 182.8129 -7.9877 -5.3232 188.803 -1.273 1.3802 57.4375 23.2768 10-Dec-2019 14:11:46
189.0454 -2.6644 0 187.9452 -2.6532 0 24.5 23.6314 182.8129 -7.9877 -5.3232 188.803 -1.273 1.3802 57.4375 23.2768 10-Dec-2019 14:11:46
189.0454 -2.6644 0 187.9452 -2.6532 0 24.5 23.6314 182.8129 -7.9877 -5.3232 188.803 -1.273 1.3802 57.4375 23.2768 10-Dec-2019 14:11:46
189.0454 -2.6644 0 187.9452 -2.6532 0 24.5 23.6314 182.8129 -7.9877 -5.3232 188.803 -1.273 1.3802 57.4375 23.2768 10-Dec-2019 14:11:46
189.0454 -2.6644 0 187.9452 -2.6532 0 24.5 23.6314 182.8129 -7.9877 -5.3232 188.803 -1.273 1.3802 57.4375 23.2768 10-Dec-2019 14:11:46
189.0454 -2.6644 0 187.9452 -2.6532 0 24.5 23.6314 182.8129 -7.9877 -5.3232 188.803 -1.273 1.3802 57.4375 23.2768 10-Dec-2019 14:11:46
189.0454 -2.6644 0 187.9452 -2.6532 0 24.5 23.6314 182.8129 -7.9877 -5.3232 188.803 -1.273 1.3802 57.4375 23.2768 10-Dec-2019 14:11:46
189.0454 -2.6644 0 187.9452 -2.6532 0 24.5 23.6314 182.8129 -7.9877 -5.3232 188.803 -1.273 1.3802 57.4375 23.2768 10-Dec-2019 14:11:46
189.0454 -2.6644 0 187.9452 -2.6532 0 24.5 23.6314 182.8129 -7.9877 -5.3232 188.803 -1.273 1.3802 57.4375 23.2768 10-Dec-2019 14:11:46
189.0454 -2.6644 0 187.9452 -2.6532 0 24.5 23.6314 182.8129 -7.9877 -5.3232 188.803 -1.273 1.3802 57.4375 23.2768 10-Dec-2019 14:11:46
189.0454 -2.6644 0 187.9452 -2.6532 0 24.5 23.6314 182.8129 -7.9877 -5.3232 188.803 -1.273 1.3802 57.4375 23.2768 10-Dec-2019 14:11:46
189.0454 -2.6644 0 187.9452 -2.6532 0 24.5 23.6314 182.8129 -7.9877 -5.3232 188.803 -1.273 1.3802 57.4375 23.2768 10-Dec-2019 14:11:46
189.0454 -2.6644 0 187.9452 -2.6532 0 24.5 23.6314 182.8129 -7.9877 -5.3232 188.803 -1.273 1.3802 57.4375 23.2768 10-Dec-2019 14:11:46
189.0454 -2.6644 0 187.9452 -2.6532 0 24.5 23.6314 182.8129 -7.9877 -5.3232 188.803 -1.273 1.3802 57.4375 23.2768 10-Dec-2019 14:11:46
189.0454 -2.6644 0 187.9452 -2.6532 0 24.5 23.6314 182.8129 -7.9877 -5.3232 188.803 -1.273 1.3802 57.4375 23.2768 10-Dec-2019 14:11:46
189.0454 -2.6644 0 187.9452 -2.6532 0 24.5 23.6314 182.8129 -7.9877 -5.3232 188.803 -1.273 1.3802 57.4375 23.2768 10-Dec-2019 14:11:46
189.0454 -2.6644 0 187.9452 -2.6532 0 24.5 23.6314 182.8129 -7.9877 -5.3232 188.803 -1.273 1.3802 57.4375 23.2768 10-Dec-2019 14:11:46
189.0454 -2.6644 0 187.9452 -2.6532 0 24.5 23.6314 182.8129 -7.9877 -5.3232 188.803 -1.273 1.3802 57.4375 23.2768 10-Dec-2019 14:11:46
189.0454 -2.6644 0 187.9452 -2.6532 0 24.5 23.6314 182.8129 -7.9877 -5.3232 188.803 -1.273 1.3802 57.4375 23.2768 10-Dec-2019 14:11:46
189.0454 -2.6644 0 187.9452 -2.6532 0 24.5 23.6314 182.8129 -7.9877 -5.3232 188.803 -1.273 1.3802 57.4375 23.2768 10-Dec-2019 14:11:46
189.0454 -2.6644 0 187.9452 -2.6532 0 24.5 23.6314 182.8129 -7.9877 -5.3232 188.803 -1.273 1.3802 57.4375 23.2768 10-Dec-2019 14:11:46
189.0454 -2.6644 0 187.9452 -2.6532 0 24.5 23.6314 182.8129 -7.9877 -5.3232 188.803 -1.273 1.3802 57.4375 23.2768 10-Dec-2019 14:11:46
189.0454 -2.6644 0 187.9452 -2.6532 0 24.5 23.6314 182.8129 -7.9877 -5.3232 188.803 -1.273 1.3802 57.4375 23.2768 10-Dec-2019 14:11:46
189.0454 -2.6644 0 187.9452 -2.6532 0 24.5 23.6314 182.8129 -7.9877 -5.3232 188.803 -1.273 1.3802 57.4375 23.2768 10-Dec-2019 14:11:46
189.0454 -2.6644 0 187.9452 -2.6532 0 24.5 23.6314 182.8129 -7.9877 -5.3232 188.803 -1.273 1.3802 57.4375 23.2768 10-Dec-2019 14:11:46
189.0454 -2.6644 0 187.9452 -2.6532 0 24.5 23.6314 182.8129 -7.9877 -5.3232 188.803 -1.273 1.3802 57.4375 23.2768 10-Dec-2019 14:11:46
189.0454 -2.6644 0 187.9452 -2.6532 0 24.5 23.6314 182.8129 -7.9877 -5.3232 188.803 -1.273 1.3802 57.4375 23.2768 10-Dec-2019 14:11:46
189.0454 -2.6644 0 187.9452 -2.6532 0 24.5 23.6314 182.8129 -7.9877 -5.3232 188.803 -1.273 1.3802 57.4375 23.2768 10-Dec-2019 14:11:46
189.0454 -2.6644 0 187.9452 -2.6532 0 24.5 23.6314 182.8129 -7.9877 -5.3232 188.803 -1.273 1.3802 57.4375 23.2768 10-Dec-2019 14:11:46
189.0454 -2.6644 0 187.9452 -2.6532 0 24.5 23.6314 182.8129 -7.9877 -5.3232 188.803 -1.273 1.3802 57.4375 23.2768 10-Dec-2019 14:11:46
189.0454 -2.6644 0 187.9452 -2.6532 0 24.5 23.6314 182.8129 -7.9877 -5.3232 188.803 -1.273 1.3802 57.4375 23.2768 10-Dec-2019 14:11:46
189.0454 -2.6644 0 187.9452 -2.6532 0 24.5 23.6314 182.8129 -7.9877 -5.3232 188.803 -1.273 1.3802 57.4375 23.2768 10-Dec-2019 14:11:46
189.0454 -2.6644 0 187.9452 -2.6532 0 24.5 23.6314 182.8129 -7.9877 -5.3232 188.803 -1.273 1.3802 57.4375 23.2768 10-Dec-2019 14:11:46
189.0454 -2.6644 0 187.9452 -2.6532 0 24.5 23.6314 182.8129 -7.9877 -5.3232 188.803 -1.273 1.3802 57.4375 23.2768 10-Dec-2019 14:11:46
189.0454 -2.6644 0 187.9452 -2.6532 0 24.5 23.6314 182.8129 -7.9877 -5.3232 188.803 -1.273 1.3802 57.4375 23.2768 10-Dec-2019 14:11:46
189.0454 -2.6644 0 187.9452 -2.6532 0 24.5 23.6314 182.8129 -7.9877 -5.3232 188.803 -1.273 1.3802 57.4375 23.2768 10-Dec-2019 14:11:46
189.0454 -2.6644 0 187.9452 -2.6532 0 24.5 23.6314 182.8129 -7.9877 -5.3232 188.803 -1.273 1.3802 57.4375 23.2768 10-Dec-2019 14:11:46
189.0454 -2.6644 0 187.9452 -2.6532 0 24.5 23.6314 182.8129 -7.9877 -5.3232 188.803 -1.273 1.3802 57.4375 23.2768 10-Dec-2019 14:11:46
189.0454 -2.6644 0 187.9452 -2.6532 0 24.5 23.6314 182.8129 -7.9877 -5.3232 188.803 -1.273 1.3802 57.4375 23.2768 10-Dec-2019 14:11:46
189.0454 -2.6644 0 187.9452 -2.6532 0 24.5 23.6314 182.8129 -7.9877 -5.3232 188.803 -1.273 1.3802 57.4375 23.2768 10-Dec-2019 14:11:46
189.0454 -2.6644 0 187.9452 -2.6532 0 24.5 23.6314 182.8129 -7.9877 -5.3232 188.803 -1.273 1.3802 57.4375 23.2768 10-Dec-2019 14:11:46
189.0454 -2.6644 0 187.9452 -2.6532 0 24.5 23.6314 182.8129 -7.9877 -5.3232 188.803 -1.273 1.3802 57.4375 23.2768 10-Dec-2019 14:11:46
189.0454 -2.6644 0 187.9452 -2.6532 0 24.5 23.6314 182.8129 -7.9877 -5.3232 188.803 -1.273 1.3802 57.4375 23.2768 10-Dec-2019 14:11:46
189.0454 -2.6644 0 187.9452 -2.6532 0 24.5 23.6314 182.8129 -7.9877 -5.3232 188.803 -1.273 1.3802 57.4375 23.2768 10-Dec-2019 14:11:46
189.0454 -2.6644 0 187.9452 -2.6532 0 24.5 23.6314 182.8129 -7.9877 -5.3232 188.803 -1.273 1.3802 57.4375 23.2768 10-Dec-2019 14:11:46
189.0454 -2.6644 0 187.9452 -2.6532 0 24.5 23.6314 182.8129 -7.9877 -5.3232 188.803 -1.273 1.3802 57.4375 23.2768 10-Dec-2019 14:11:46
189.0454 -2.6644 0 187.9452 -2.6532 0 24.5 23.6314 182.8129 -7.9877 -5.3232 188.803 -1.273 1.3802 57.4375 23.2768 10-Dec-2019 14:11:46
189.0454 -2.6644 0 187.9452 -2.6532 0 24.5 23.6314 182.8129 -7.9877 -5.3232 188.803 -1.273 1.3802 57.4375 23.2768 10-Dec-2019 14:11:46
189.0454 -2.6644 0 187.9452 -2.6532 0 24.5 23.6314 182.8129 -7.9877 -5.3232 188.803 -1.273 1.3802 57.4375 23.2768 10-Dec-2019 14:11:46
189.0454 -2.6644 0 187.9452 -2.6532 0 24.5 23.6314 182.8129 -7.9877 -5.3232 188.803 -1.273 1.3802 57.4375 23.2768 10-Dec-2019 14:11:46
189.0454 -2.6644 0 187.9452 -2.6532 0 24.5 23.6314 182.8129 -7.9877 -5.3232 188.803 -1.273 1.3802 57.4375 23.2768 10-Dec-2019 14:11:46
189.0454 -2.6644 0 187.9452 -2.6532 0 24.5 23.6314 182.8129 -7.9877 -5.3232 188.803 -1.273 1.3802 57.4375 23.2768 10-Dec-2019 14:11:46
189.0454 -2.6644 0 187.9452 -2.6532 0 24.5 23.6314 182.8129 -7.9877 -5.3232 188.803 -1.273 1.3802 57.4375 23.2768 10-Dec-2019 14:11:46
189.0454 -2.6644 0 187.9452 -2.6532 0 24.5 23.6314 182.8129 -7.9877 -5.3232 188.803 -1.273 1.3802 57.4375 23.2768 10-Dec-2019 14:11:46
189.0454 -2.6644 0 187.9452 -2.6532 0 24.5 23.6314 182.8129 -7.9877 -5.3232 188.803 -1.273 1.3802 57.4375 23.2768 10-Dec-2019 14:11:46
189.0454 -2.6644 0 187.9452 -2.6532 0 24.5 23.6314 182.8129 -7.9877 -5.3232 188.803 -1.273 1.3802 57.4375 23.2768 10-Dec-2019 14:11:46
189.0454 -2.6644 0 187.9452 -2.6532 0 24.5 23.6314 182.8129 -7.9877 -5.3232 188.803 -1.273 1.3802 57.4375 23.2768 10-Dec-2019 14:11:46
189.0454 -2.6644 0 187.9452 -2.6532 0 24.5 23.6314 182.8129 -7.9877 -5.3232 188.803 -1.273 1.3802 57.4375 23.2768 10-Dec-2019 14:11:46
189.0454 -2.6644 0 187.9452 -2.6532 0 24.5 23.6314 182.8129 -7.9877 -5.3232 188.803 -1.273 1.3802 57.4375 23.2768 10-Dec-2019 14:11:46
189.0454 -2.6644 0 187.9452 -2.6532 0 24.5 23.6314 182.8129 -7.9877 -5.3232 188.803 -1.273 1.3802 57.4375 23.2768 10-Dec-2019 14:11:46
189.0454 -2.6644 0 187.9452 -2.6532 0 24.5 23.6314 182.8129 -7.9877 -5.3232 188.803 -1.273 1.3802 57.4375 23.2768 10-Dec-2019 14:11:46
189.0454 -2.6644 0 187.9452 -2.6532 0 24.5 23.6314 182.8129 -7.9877 -5.3232 188.803 -1.273 1.3802 57.4375 23.2768 10-Dec-2019 14:11:46
189.0454 -2.6644 0 187.9452 -2.6532 0 24.5 23.6314 182.8129 -7.9877 -5.3232 188.803 -1.273 1.3802 57.4375 23.2768 10-Dec-2019 14:11:46
189.0454 -2.6644 0 187.9452 -2.6532 0 24.5 23.6314 182.8129 -7.9877 -5.3232 188.803 -1.273 1.3802 57.4375 23.2768 10-Dec-2019 14:11:46
189.0454 -2.6644 0 187.9452 -2.6532 0 24.5 23.6314 182.8129 -7.9877 -5.3232 188.803 -1.273 1.3802 57.4375 23.2768 10-Dec-2019 14:11:46
189.0454 -2.6644 0 187.9452 -2.6532 0 24.5 23.6314 182.8129 -7.9877 -5.3232 188.803 -1.273 1.3802 57.4375 23.2768 10-Dec-2019 14:11:46
189.0454 -2.6644 0 187.9452 -2.6532 0 24.5 23.6314 182.8129 -7.9877 -5.3232 188.803 -1.273 1.3802 57.4375 23.2768 10-Dec-2019 14:11:46
189.0454 -2.6644 0 187.9452 -2.6532 0 24.5 23.6314 182.8129 -7.9877 -5.3232 188.803 -1.273 1.3802 57.4375 23.2768 10-Dec-2019 14:11:46
189.0454 -2.6644 0 187.9452 -2.6532 0 24.5 23.6314 182.8129 -7.9877 -5.3232 188.803 -1.273 1.3802 57.4375 23.2768 10-Dec-2019 14:11:46
189.0454 -2.6644 0 187.9452 -2.6532 0 24.5 23.6314 182.8129 -7.9877 -5.3232 188.803 -1.273 1.3802 57.4375 23.2768 10-Dec-2019 14:11:46
189.0454 -2.6644 0 187.9452 -2.6532 0 24.5 23.6314 182.8129 -7.9877 -5.3232 188.803 -1.273 1.3802 57.4375 23.2768 10-Dec-2019 14:11:46
189.0454 -2.6644 0 187.9452 -2.6532 0 24.5 23.6314 182.8129 -7.9877 -5.3232 188.803 -1.273 1.3802 57.4375 23.2768 10-Dec-2019 14:11:46
189.0454 -2.6644 0 187.9452 -2.6532 0 24.5 23.6314 182.8129 -7.9877 -5.3232 188.803 -1.273 1.3802 57.4375 23.2768 10-Dec-2019 14:11:46
189.0454 -2.6644 0 187.9452 -2.6532 0 24.5 23.6314 182.8129 -7.9877 -5.3232 188.803 -1.273 1.3802 57.4375 23.2768 10-Dec-2019 14:11:46
189.0454 -2.6644 0 187.9452 -2.6532 0 24.5 23.6314 182.8129 -7.9877 -5.3232 188.803 -1.273 1.3802 57.4375 23.2768 10-Dec-2019 14:11:46
189.0454 -2.6644 0 187.9452 -2.6532 0 24.5 23.6314 182.8129 -7.9877 -5.3232 188.803 -1.273 1.3802 57.4375 23.2768 10-Dec-2019 14:11:46
189.0454 -2.6644 0 187.9452 -2.6532 0 24.5 23.6314 182.8129 -7.9877 -5.3232 188.803 -1.273 1.3802 57.4375 23.2768 10-Dec-2019 14:11:46
189.0454 -2.6644 0 187.9452 -2.6532 0 24.5 23.6314 182.8129 -7.9877 -5.3232 188.803 -1.273 1.3802 57.4375 23.2768 10-Dec-2019 14:11:46
189.0454 -2.6644 0 187.9452 -2.6532 0 24.5 23.6314 182.8129 -7.9877 -5.3232 188.803 -1.273 1.3802 57.4375 23.2768 10-Dec-2019 14:11:46
189.0454 -2.6644 0 187.9452 -2.6532 0 24.5 23.6314 182.8129 -7.9877 -5.3232 188.803 -1.273 1.3802 57.4375 23.2768 10-Dec-2019 14:11:46
189.0454 -2.6644 0 187.9452 -2.6532 0 24.5 23.6314 182.8129 -7.9877 -5.3232 188.803 -1.273 1.3802 57.4375 23.2768 10-Dec-2019 14:11:46
189.0454 -2.6644 0 187.9452 -2.6532 0 24.5 23.6314 182.8129 -7.9877 -5.3232 188.803 -1.273 1.3802 57.4375 23.2768 10-Dec-2019 14:11:46
189.0454 -2.6644 0 187.9452 -2.6532 0 24.5 23.6314 182.8129 -7.9877 -5.3232 188.803 -1.273 1.3802 57.4375 23.2768 10-Dec-2019 14:11:46
189.0454 -2.6644 0 187.9452 -2.6532 0 24.5 23.6314 182.8129 -7.9877 -5.3232 188.803 -1.273 1.3802 57.4375 23.2768 10-Dec-2019 14:11:46
189.0454 -2.6644 0 187.9452 -2.6532 0 24.5 23.6314 182.8129 -7.9877 -5.3232 188.803 -1.273 1.3802 57.4375 23.2768 10-Dec-2019 14:11:46
189.0454 -2.6644 0 187.9452 -2.6532 0 24.5 23.6314 182.8129 -7.9877 -5.3232 188.803 -1.273 1.3802 57.4375 23.2768 10-Dec-2019 14:11:46
189.0454 -2.6644 0 187.9452 -2.6532 0 24.5 23.6314 182.8129 -7.9877 -5.3232 188.803 -1.273 1.3802 57.4375 23.2768 10-Dec-2019 14:11:46
189.0454 -2.6644 0 187.9452 -2.6532 0 24.5 23.6314 182.8129 -7.9877 -5.3232 188.803 -1.273 1.3802 57.4375 23.2768 10-Dec-2019 14:11:46
189.0454 -2.6644 0 187.9452 -2.6532 0 24.5 23.6314 182.8129 -7.9877 -5.3232 188.803 -1.273 1.3802 57.4375 23.2768 10-Dec-2019 14:11:46
189.0454 -2.6644 0 187.9452 -2.6532 0 24.5 23.6314 182.8129 -7.9877 -5.3232 188.803 -1.273 1.3802 57.4375 23.2768 10-Dec-2019 14:11:46
189.0454 -2.6644 0 187.9452 -2.6532 0 24.5 23.6314 182.8129 -7.9877 -5.3232 188.803 -1.273 1.3802 57.4375 23.2768 10-Dec-2019 14:11:46
189.0454 -2.6644 0 187.9452 -2.6532 0 24.5 23.6314 182.8129 -7.9877 -5.3232 188.803 -1.273 1.3802 57.4375 23.2768 10-Dec-2019 14:11:46
189.0454 -2.6644 0 187.9452 -2.6532 0 24.5 23.6314 182.8129 -7.9877 -5.3232 188.803 -1.273 1.3802 57.4375 23.2768 10-Dec-2019 14:11:46
189.0454 -2.6644 0 187.9452 -2.6532 0 24.5 23.6314 182.8129 -7.9877 -5.3232 188.803 -1.273 1.3802 57.4375 23.2768 10-Dec-2019 14:11:46
189.0454 -2.6644 0 187.9452 -2.6532 0 24.5 23.6314 182.8129 -7.9877 -5.3232 188.803 -1.273 1.3802 57.4375 23.2768 10-Dec-2019 14:11:46
189.0454 -2.6644 0 187.9452 -2.6532 0 24.5 23.6314 182.8129 -7.9877 -5.3232 188.803 -1.273 1.3802 57.4375 23.2768 10-Dec-2019 14:11:46
189.0454 -2.6644 0 187.9452 -2.6532 0 24.5 23.6314 182.8129 -7.9877 -5.3232 188.803 -1.273 1.3802 57.4375 23.2768 10-Dec-2019 14:11:46
189.0454 -2.6644 0 187.9452 -2.6532 0 24.5 23.6314 182.8129 -7.9877 -5.3232 188.803 -1.273 1.3802 57.4375 23.2768 10-Dec-2019 14:11:46
189.0454 -2.6644 0 187.9452 -2.6532 0 24.5 23.6314 182.8129 -7.9877 -5.3232 188.803 -1.273 1.3802 57.4375 23.2768 10-Dec-2019 14:11:46
189.0454 -2.6644 0 187.9452 -2.6532 0 24.5 23.6314 182.8129 -7.9877 -5.3232 188.803 -1.273 1.3802 57.4375 23.2768 10-Dec-2019 14:11:46
189.0454 -2.6644 0 187.9452 -2.6532 0 24.5 23.6314 182.8129 -7.9877 -5.3232 188.803 -1.273 1.3802 57.4375 23.2768 10-Dec-2019 14:11:46
189.0454 -2.6644 0 187.9452 -2.6532 0 24.5 23.6314 182.8129 -7.9877 -5.3232 188.803 -1.273 1.3802 57.4375 23.2768 10-Dec-2019 14:11:46
189.0454 -2.6644 0 187.9452 -2.6532 0 24.5 23.6314 182.8129 -7.9877 -5.3232 188.803 -1.273 1.3802 57.4375 23.2768 10-Dec-2019 14:11:46
189.0454 -2.6644 0 187.9452 -2.6532 0 24.5 23.6314 182.8129 -7.9877 -5.3232 188.803 -1.273 1.3802 57.4375 23.2768 10-Dec-2019 14:11:46
189.0454 -2.6644 0 187.9452 -2.6532 0 24.5 23.6314 182.8129 -7.9877 -5.3232 188.803 -1.273 1.3802 57.4375 23.2768 10-Dec-2019 14:11:46
